71 97
69 96
72 97
69 98
72 99
71 98
66 96
69 99
70 99
76 79
39 33
76 93
34 55
44 65
38 27
26 13
35 42
45 70
43 100
40 57
35 38
38 51
34 31
41 58
40 48
35 52
36 50
37 30
83 75
35 40
48 67
81 86
34 52
60 103
42 36
43 68
41 49
53 100
74 74
90 75
42 58
33 36
68 37
73 85
49 100
41 40
43 69
47 98
87 75
77 83
30 54
66 45
38 58
92 75
77 91
25 5
22 15
20 11
47 106
39 43
36 53
58 96
23 22
19 16
20 21
47 64
36 37
39 32
79 75
23 7
34 57
53 96
66 41
51 69
37 34
70 45
75 75
38 32
54 105
52 99
67 42
44 103
35 43
40 58
32 31
40 100
30 42
66 44
48 99
44 69
32 46
57 104
62 106
45 101
91 78
20 13
43 105
25 14
37 39
21 8
60 104
23 23
41 46
43 52
75 79
43 34
44 97
89 77
63 106
44 39
43 63
87 78
32 59
48 57
47 95
92 73
83 81
64 105
38 46
90 78
26 18
49 62
50 96
31 54
37 43
42 32
31 56
35 59
57 106
43 96
57 95
78 78
25 6
79 73
46 67
24 8
42 60
43 103
77 86
32 27
61 100
76 90
43 62
75 74
30 55
36 38
77 84
65 46
76 76
52 103
79 85
78 88
26 20
51 98
40 101
20 17
81 83
17 6
39 46
39 58
23 15
81 79
42 42
65 37
30 34
82 75
47 67
41 106
39 35
44 48
41 57
36 40
40 54
35 56
39 29
66 46
30 52
44 98
43 66
47 97
59 97
53 97
42 104
86 75
58 104
42 57
57 103
49 96
20 12
31 28
22 17
40 49
42 53
80 78
35 39
33 26
56 103
26 5
78 81
45 64
50 68
31 38
67 39
75 85
41 29
73 90
41 36
23 5
36 30
20 7
20 9
34 47
23 9
89 81
33 55
42 69
40 51
61 104
33 48
54 95
60 97
33 34
39 37
39 49
36 42
30 58
79 88
31 50
78 90
23 8
46 55
37 35
83 78
37 26
33 38
26 15
73 73
43 65
59 101
75 78
41 103
73 74
34 41
35 51
33 58
40 105
40 40
43 46
41 50
37 27
34 43
47 100
18 7
88 75
44 52
22 6
32 30
66 40
80 83
48 58
36 29
21 15
64 38
46 60
24 13
53 101
38 31
17 8
78 82
60 100
39 34
23 12
64 44
36 55
56 98
56 99
50 67
48 98
32 44
55 106
48 69
21 17
19 17
92 80
64 104
40 106
52 67
32 35
83 77
76 77
43 42
43 55
91 77
73 81
130 27
8 9
2 14
1 15
0 13
1 11
10 21
12 16
31 14
7 12
126 25
16 22
131 44
59 16
16 20
129 41
14 19
134 29
69 6
133 31
61 17
126 34
15 16
17 22
131 23
63 8
0 12
131 38
131 45
3 16
134 37
131 27
3 10
127 42
5 2
127 19
3 2
30 15
3 21
126 30
12 21
66 11
13 14
130 36
134 31
34 23
15 23
126 35
66 8
16 18
60 3
59 4
133 44
3 8
9 23
61 10
127 25
62 8
130 18
134 41
30 23
128 37
1 16
59 17
128 35
60 15
128 21
69 10
65 19
126 32
7 18
59 20
129 26
68 17
65 4
32 11
128 41
61 19
65 7
133 40
126 29
64 3
13 16
5 1
68 16
10 14
64 17
126 17
9 22
68 20
32 12
8 10
69 12
9 16
62 4
15 18
7 19
1 0
60 13
132 27
13 20
68 4
61 16
59 11
2 13
129 42
60 7
126 18
133 36
11 23
2 22
34 19
127 39
62 6
64 4
6 22
134 18
127 24
132 18
0 8
36 19
133 45
5 18
0 1
6 23
12 22
70 4
128 39
61 13
3 11
4 19
64 10
131 33
60 5
4 4
131 36
129 19
132 20
68 12
128 36
6 7
31 21
126 43
59 6
64 15
66 5
0 4
67 3
60 4
5 14
131 19
69 7
69 9
0 17
69 5
132 45
69 20
33 19
133 29
2 7
131 24
6 21
68 3
134 38
132 33
127 33
34 7
47 15
46 11
46 14
46 23
35 8
47 20
43 22
36 11
36 12
33 3
48 21
37 7
38 7
38 16
38 12
47 9
38 9
37 10
48 17
34 8
47 22
47 7
35 7
35 12
46 16
47 14
46 22
35 3
44 9
38 4
43 11
38 3
46 13
42 7
45 23
46 20
33 5
44 23
45 8
49 19
43 20
43 15
47 16
43 13
47 21
43 8
81 19
75 4
78 9
118 50
86 9
122 54
84 17
82 5
78 7
81 21
126 49
83 11
79 7
77 7
73 5
74 2
84 15
121 48
84 20
83 6
71 116
75 14
121 53
79 2
72 113
87 6
86 6
124 54
80 115
82 10
79 8
121 54
81 10
83 19
82 1
73 3
73 16
80 14
83 2
76 14
9 25
74 8
78 10
85 12
71 115
77 6
84 10
126 48
74 113
124 55
126 52
75 7
120 48
119 55
77 14
87 2
73 7
11 26
80 20
76 8
69 116
78 5
123 54
124 52
82 13
80 16
7 26
74 16
76 15
81 8
85 4
74 19
73 114
118 49
87 11
79 9
85 2
75 1
73 19
87 5
85 9
86 2
83 8
74 115
73 113
74 14
119 49
81 17
116 52
75 2
81 6
11 25
79 13
83 22
124 49
118 51
111 91
48 33
106 74
52 31
109 63
52 34
99 77
49 32
98 81
52 26
99 68
63 28
99 78
97 81
97 82
97 75
55 30
112 73
101 83
67 31
65 34
111 63
112 59
56 26
100 76
55 33
108 69
97 73
104 63
98 64
106 78
55 34
65 28
97 78
66 28
69 30
53 29
105 63
108 68
58 30
106 75
104 58
103 74
110 91
100 62
104 59
112 69
100 77
103 73
70 30
108 93
98 65
100 74
65 32
102 76
98 74
102 57
95 73
107 70
70 34
47 34
101 62
98 69
101 89
70 33
69 31
53 35
112 93
70 26
108 70
110 68
101 59
100 63
96 81
64 26
107 59
48 27
104 74
98 77
95 75
107 62
112 89
108 58
109 74
100 65
95 81
102 70
100 93
59 33
103 81
114 61
66 30
95 74
47 27
105 89
106 66
110 59
106 93
59 35
67 26
101 74
99 85
98 66
52 28
99 91
101 86
104 89
57 34
111 90
96 80
112 63
51 33
106 91
103 70
107 58
70 31
50 28
100 67
105 57
66 35
68 26
105 77
107 68
101 90
103 77
57 33
102 86
55 26
107 65
107 93
96 82
100 92
99 87
107 73
71 33
71 28
61 34
96 74
111 67
69 32
68 27
103 59
101 65
98 68
63 31
50 26
76 109
78 109
77 110
76 110
73 110
49 127
49 134
34 131
45 126
56 135
49 129
59 122
57 131
39 129
33 126
51 132
38 122
47 139
44 129
44 135
50 132
48 133
35 135
53 127
36 132
56 126
41 136
40 133
55 121
57 138
51 129
49 128
56 129
53 121
55 122
37 131
43 137
53 124
36 125
42 136
55 135
39 132
36 131
52 139
51 123
36 138
47 136
41 131
48 122
58 123
41 135
46 122
58 127
35 129
44 123
55 126
49 132
57 132
50 129
46 124
46 121
53 130
40 137
55 125
53 126
39 121
52 124
52 136
52 137
58 134
53 123
38 136
51 139
43 132
45 135
42 126
42 137
48 124
42 138
56 125
54 128
56 127
51 134
49 122
56 123
47 131
47 121
51 137
51 124
41 121
48 134
43 124
35 136
41 125
55 137
50 127
37 135
43 139
58 131
56 137
65 23
66 23
70 22
68 22
29 87
50 86
57 92
54 110
59 73
15 32
41 79
59 81
62 92
44 109
55 86
7 32
37 87
55 91
35 83
47 80
38 92
43 84
139 45
13 30
44 88
137 38
36 83
35 74
37 84
40 82
34 88
140 34
137 33
137 41
46 91
56 87
53 73
139 28
42 89
45 88
39 88
46 109
50 110
41 108
140 33
43 91
40 88
46 79
49 75
138 43
56 86
50 83
38 88
52 108
139 33
69 92
67 87
6 31
61 92
46 84
14 28
49 87
50 75
6 33
48 89
61 86
138 30
42 78
66 84
50 81
45 86
41 78
63 83
50 84
64 87
62 82
38 82
13 32
39 78
36 92
62 79
61 76
71 93
47 74
40 86
65 93
56 82
58 81
66 82
48 79
40 73
141 39
48 85
56 74
53 76
38 81
49 81
49 79
66 90
138 37
38 77
140 46
38 80
47 81
45 85
42 92
55 80
7 29
54 85
43 108
41 92
137 46
30 83
68 88
40 75
42 79
52 93
35 84
64 84
46 90
62 88
43 87
61 82
61 73
143 31
65 84
42 88
64 86
51 108
33 91
36 84
48 82
35 89
63 87
46 87
47 79
67 90
66 83
57 90
61 110
42 109
44 83
38 74
52 84
143 29
52 110
34 83
40 93
140 32
42 77
30 76
51 88
33 73
51 85
62 87
43 83
137 43
61 74
47 77
55 90
64 80
34 75
61 80
141 44
37 76
53 110
37 92
41 75
39 89
48 84
140 28
6 28
34 92
68 92
55 73
53 84
59 108
49 110
43 92
8 33
142 29
66 89
54 79
35 75
54 109
69 93
32 84
53 80
141 32
57 77
30 81
38 91
142 31
30 85
62 75
40 110
68 90
54 83
77 35
103 37
109 45
104 54
59 114
73 31
61 41
80 36
6 102
81 59
81 54
70 67
65 67
60 43
12 102
11 106
107 35
94 68
112 46
6 110
72 59
79 60
107 45
73 36
9 111
91 44
104 42
85 44
61 64
113 41
77 69
92 44
60 56
79 69
79 62
79 43
101 53
104 52
92 51
65 54
94 25
97 30
6 108
111 43
9 97
66 69
111 36
97 54
91 63
73 69
67 50
73 39
89 59
51 116
103 36
67 54
54 115
11 98
71 67
67 61
52 38
93 34
58 46
85 41
2 115
86 51
69 59
2 117
5 114
107 49
15 115
74 66
105 34
94 54
0 106
85 57
106 32
74 59
54 49
15 107
105 32
90 68
81 40
63 58
67 68
114 38
103 51
59 43
90 67
106 29
84 55
76 68
90 56
56 53
19 111
16 114
83 46
46 114
61 57
12 100
109 52
83 36
96 50
69 48
85 63
79 44
84 53
45 114
55 40
58 38
16 101
45 112
63 50
66 53
97 55
89 55
109 51
57 48
113 31
51 44
65 59
70 51
98 39
73 61
94 37
62 48
10 107
58 41
42 113
110 48
79 63
43 115
57 40
40 114
70 66
95 33
51 38
91 53
107 34
58 53
94 44
57 39
82 41
92 59
84 41
45 115
94 27
108 35
73 68
14 99
88 54
10 104
57 42
8 116
78 59
110 42
111 45
98 51
4 109
65 64
88 37
77 66
18 116
78 46
84 40
89 61
0 102
110 36
60 51
63 60
79 32
108 25
80 54
100 41
52 46
101 32
73 58
69 73
59 47
94 32
71 69
52 42
113 34
53 44
59 42
82 65
1 109
55 41
48 117
67 73
77 57
76 44
0 108
69 70
60 48
73 29
64 57
77 70
85 50
81 55
16 113
95 58
94 30
101 27
80 34
8 111
100 44
17 116
84 54
53 114
73 65
84 67
94 69
14 111
14 110
52 115
98 29
55 46
84 70
91 65
95 31
103 45
69 75
86 67
94 38
101 28
106 55
6 105
73 42
114 26
68 61
61 52
91 32
93 32
95 29
114 35
60 61
98 26
63 59
101 29
88 46
7 111
2 114
95 26
96 25
70 48
68 77
92 54
68 73
11 114
42 115
68 69
97 43
68 57
14 104
59 55
105 50
1 110
109 26
106 50
111 32
57 43
94 33
97 39
112 43
90 41
83 67
76 70
13 106
54 113
21 117
89 40
95 64
86 52
64 51
81 33
94 67
74 44
100 37
43 114
101 42
103 34
86 60
15 110
83 57
67 64
111 27
48 116
73 40
89 33
109 43
8 102
84 61
59 60
71 66
59 54
90 57
12 104
112 37
90 60
88 48
83 63
88 57
85 49
88 38
93 51
76 34
3 113
49 114
58 42
103 35
113 27
86 56
41 115
14 98
71 70
108 54
62 53
52 116
75 38
105 26
100 29
1 100
88 45
110 33
112 48
99 40
91 60
89 45
62 49
52 117
13 103
84 56
77 38
101 31
91 51
85 67
101 36
100 39
65 63
103 30
112 44
9 100
67 53
112 42
111 30
52 41
94 46
87 44
79 33
84 39
78 48
86 62
61 39
46 116
98 34
1 106
15 99
84 51
85 43
101 50
47 117
104 51
93 59
14 102
94 29
57 114
90 61
99 35
1 115
104 48
105 37
109 53
82 48
19 112
99 55
6 114
62 51
87 70
98 37
91 37
102 35
60 54
89 68
107 41
17 115
92 49
60 37
79 65
16 103
88 36
80 46
20 115
107 53
109 55
100 50
104 36
5 104
80 51
95 69
110 54
68 66
100 31
58 49
108 41
82 52
0 107
103 26
113 30
56 37
83 39
12 103
95 55
114 53
7 109
103 38
13 113
105 45
107 36
62 43
61 114
60 55
69 76
110 26
93 43
108 55
78 61
80 59
111 42
16 98
83 54
111 38
69 51
7 97
65 49
12 101
69 53
81 66
18 115
94 28
66 57
91 40
107 48
105 48
56 42
17 102
77 40
72 67
1 99
107 31
62 61
51 39
108 44
73 34
78 57
60 40
104 40
1 108
107 32
78 51
99 53
76 63
50 42
13 97
96 53
112 34
71 68
9 112
93 53
89 67
56 47
72 58
11 112
50 114
62 54
62 64
92 64
13 117
102 33
76 65
92 38
113 42
4 98
101 48
74 35
60 52
15 102
63 68
74 65
59 37
41 112
14 61
14 56
55 4
51 15
19 65
16 42
53 17
57 15
23 64
57 5
51 5
20 58
7 39
9 36
24 65
20 66
16 63
15 37
17 61
23 57
21 39
56 10
55 14
20 57
56 6
11 39
56 11
53 13
18 59
56 16
26 56
26 65
6 38
21 38
17 57
3 28
54 7
5 38
55 20
53 19
55 15
8 46
18 69
53 20
10 37
25 56
6 41
26 59
25 39
15 67
21 60
22 62
20 41
56 15
12 39
20 54
21 36
20 39
54 5
17 65
51 6
8 42
57 11
11 47
26 67
51 4
15 60
54 10
53 21
18 39
18 58
54 3
55 16
23 38
17 66
22 59
57 16
19 70
24 62
17 64
8 39
3 30
23 60
23 39
24 60
12 36
18 63
17 53
18 57
23 56
53 4
16 54
53 11
14 58
13 58
14 62
54 22
23 61
14 36
12 38
56 5
23 65
52 3
54 9
57 14
18 60
20 64
25 53
13 43
14 55
20 52
25 64
21 61
16 57
55 5
12 58
53 5
26 54
119 42
122 42
119 32
124 43
119 45
121 43
124 46
123 26
120 23
121 34
120 31
124 29
118 28
121 42
123 35
124 19
123 30
119 36
123 38
121 45
119 27
122 40
123 32
120 25
122 38
123 33
122 27
123 34
118 24
119 41
122 29
123 42
123 46
123 28
117 35
120 40
124 40
117 28
118 26
119 40
124 21
123 93
134 105
138 84
134 119
123 121
120 105
130 93
126 123
117 98
133 83
31 111
121 115
135 105
19 123
29 96
129 98
117 100
137 115
33 109
126 110
119 93
134 100
34 115
14 129
133 110
136 92
130 122
127 123
132 114
136 121
12 122
132 86
30 108
126 122
37 105
34 119
131 124
132 93
136 96
122 107
137 97
10 128
36 115
136 118
135 85
137 88
132 103
128 112
30 111
130 94
18 127
137 122
132 91
33 116
122 91
129 126
11 127
122 111
131 92
37 113
125 123
130 118
131 101
14 127
131 122
38 119
121 109
35 105
36 112
134 95
132 101
128 95
133 92
136 115
127 100
117 94
128 91
130 105
129 96
120 88
117 107
135 103
29 95
130 114
123 107
129 95
136 102
126 117
120 121
122 119
35 114
126 99
121 117
128 90
120 120
136 113
117 88
131 115
29 117
132 85
32 119
131 126
118 119
122 108
131 100
119 96
122 92
125 113
134 113
17 123
119 113
133 108
126 89
130 124
135 108
137 91
134 103
132 87
22 128
122 95
21 127
131 91
19 120
131 86
22 127
16 122
30 115
130 106
133 116
127 104
10 126
135 115
133 115
118 102
134 97
36 101
134 87
32 117
135 121
37 107
37 102
128 104
125 102
15 123
38 118
13 122
137 85
137 107
127 116
127 113
130 120
131 104
130 97
132 95
122 97
132 96
128 119
129 90
38 103
138 100
117 118
125 98
130 91
124 120
131 88
36 99
121 92
16 128
123 119
132 99
117 117
120 104
120 111
134 99
136 95
36 111
32 109
122 125
12 127
117 103
134 116
30 100
131 120
137 114
133 105
138 118
124 116
133 121
119 119
132 92
125 104
17 128
117 105
137 94
125 91
123 109
129 84
35 104
133 106
128 97
126 94
122 86
124 100
137 90
33 100
128 84
136 83
16 124
31 96
130 90
123 102
124 89
33 119
11 122
123 97
135 109
121 94
134 90
130 116
137 84
136 120
121 100
134 114
121 93
124 121
30 110
124 112
126 124
125 109
123 90
124 94
130 109
129 116
118 98
134 115
30 106
126 98
123 110
137 89
12 129
123 118
125 119
128 88
125 94
118 106
133 120
136 106
30 107
34 118
120 85
118 116
14 125
120 95
14 93
11 90
2 84
2 90
0 89
0 79
9 82
10 93
21 32
4 90
1 89
26 29
0 90
17 32
2 93
7 74
5 77
12 87
5 87
3 93
10 80
2 72
4 72
10 77
3 88
25 32
10 94
2 81
23 30
7 79
0 82
8 78
17 27
14 92
8 69
8 72
7 90
2 76
4 94
20 27
25 33
12 84
25 30
2 91
4 74
18 33
22 26
2 88
11 84
0 87
27 28
7 73
2 86
17 26
2 71
20 33
9 93
3 77
4 80
2 87
3 73
9 89
8 76
0 88
3 81
24 27
23 26
2 77
3 89
7 81
2 78
8 84
3 86
6 74
17 33
13 94
18 32
16 45
22 45
23 46
14 47
21 43
27 50
17 51
21 48
26 50
19 44
24 49
15 46
23 42
27 48
22 48
23 48
15 50
18 49
