163 184
42 118
375 333
33 114
227 209
469 178
47 41
405 319
417 317
109 158
467 211
98 147
179 11
554 15
171 1
160 178
570 32
160 1
404 309
375 111
567 28
390 122
140 170
49 39
214 200
22 110
228 207
333 262
122 163
168 6
52 125
452 234
517 168
485 179
63 16
35 117
37 112
167 183
431 322
67 133
116 155
414 138
54 129
277 234
464 214
94 150
380 335
459 220
93 149
464 212
35 111
33 111
581 60
406 293
2 113
395 298
300 243
442 157
36 58
477 186
464 175
372 338
378 289
586 88
59 20
443 159
584 102
247 40
296 244
430 267
441 330
536 2
365 104
215 24
32 114
533 162
147 172
481 188
560 20
396 307
466 173
246 215
8 102
139 35
414 320
578 121
519 166
372 109
345 270
451 163
379 290
271 228
458 222
24 88
109 159
27 110
137 172
583 70
23 100
172 186
434 258
451 232
176 10
580 114
64 134
449 237
343 269
60 18
415 311
245 213
283 60
23 95
577 40
278 57
383 293
1 112
391 300
67 136
41 52
400 303
431 266
28 114
179 191
143 29
46 118
232 212
79 140
464 216
201 199
147 17
465 173
124 161
114 155
377 330
401 298
64 13
282 234
263 226
437 331
22 114
379 330
377 111
40 56
499 171
35 116
435 257
587 88
486 180
395 306
366 279
14 101
271 226
584 68
410 290
206 18
414 314
26 77
372 284
285 240
146 20
297 67
441 248
141 168
47 123
45 44
444 336
537 160
186 188
16 106
139 168
433 259
154 176
185 192
213 201
391 297
436 257
203 17
165 3
297 245
585 63
446 335
430 329
454 229
38 113
110 157
458 223
380 291
28 75
7 96
405 308
580 56
412 309
220 201
105 158
118 159
389 299
383 291
451 236
204 194
459 221
476 192
550 152
412 137
400 300
400 306
432 326
226 206
171 2
442 244
431 150
156 6
172 187
341 90
398 322
500 172
557 146
579 49
583 52
414 316
540 5
122 165
161 1
3 109
387 292
249 218
175 185
389 295
402 301
417 318
238 35
78 136
221 201
34 65
22 91
187 193
408 307
391 329
377 333
410 314
162 181
570 31
426 323
139 33
33 112
207 200
78 140
537 159
214 22
407 292
559 18
204 16
24 83
384 117
155 5
91 143
29 112
338 263
577 44
154 6
21 112
581 63
307 247
570 127
333 263
4 109
53 31
472 181
339 266
16 103
230 31
533 0
583 108
266 50
144 26
401 301
310 252
1 92
403 131
218 24
322 80
587 70
142 32
399 306
556 148
177 10
446 338
105 156
584 82
581 106
276 56
430 149
6 113
233 206
211 198
27 115
578 45
381 317
445 158
412 135
121 161
432 323
38 120
174 189
19 110
4 93
161 2
27 78
472 171
349 92
46 46
384 293
122 159
398 300
478 189
465 212
28 110
88 145
43 50
57 26
32 67
391 295
199 195
416 318
585 98
130 167
576 39
387 118
136 167
85 142
70 137
283 235
10 101
581 59
407 297
574 38
53 30
166 186
391 123
566 137
421 316
427 321
385 294
463 171
142 29
334 265
392 299
438 330
457 165
361 277
61 130
569 35
30 115
328 84
255 218
482 183
21 108
344 269
511 167
440 250
558 145
323 78
123 165
19 108
407 133
124 162
167 185
321 77
383 292
586 82
140 169
582 59
516 167
62 127
522 165
167 181
428 324
489 174
437 155
86 146
288 62
381 330
574 124
363 101
378 324
222 202
255 217
584 61
586 95
409 136
437 256
195 194
187 190
186 13
52 34
387 329
281 232
583 65
157 2
377 328
166 3
388 326
476 186
364 279
560 140
292 64
166 183
208 18
581 107
99 150
58 126
104 156
560 22
410 310
579 110
62 15
198 12
215 198
45 121
89 147
435 153
245 216
59 22
26 107
15 111
247 38
405 321
426 319
533 2
33 109
396 124
93 142
377 335
420 278
585 61
280 235
133 164
342 90
286 60
9 108
279 233
92 149
217 199
264 225
447 162
127 165
122 164
48 120
353 95
70 1
412 314
549 13
428 148
29 72
412 290
404 307
412 291
379 297
324 81
44 119
293 242
37 60
379 286
282 238
390 328
328 81
362 279
63 17
440 328
94 149
190 191
290 239
137 168
3 92
483 182
3 96
431 268
141 170
20 108
375 338
330 83
323 258
154 9
581 105
582 101
321 256
149 176
439 331
436 256
585 71
381 292
61 128
563 139
420 314
350 93
380 320
476 187
380 304
355 96
70 0
135 41
83 141
255 220
137 171
24 87
473 170
581 48
389 121
191 196
410 311
448 334
134 171
76 134
456 166
269 52
125 162
587 71
425 322
79 141
71 133
550 150
539 158
62 14
390 324
564 25
331 86
360 101
69 130
382 292
584 63
166 184
57 128
291 239
378 296
86 140
332 262
218 26
276 231
431 325
36 115
193 192
530 164
268 230
514 168
391 321
321 80
67 132
583 58
562 140
397 311
67 8
133 166
39 117
372 287
452 233
58 21
362 101
410 319
339 89
475 183
106 156
562 142
87 139
293 66
558 19
422 277
273 54
579 44
59 131
221 203
380 302
422 318
30 109
35 63
363 279
72 138
193 191
379 338
141 32
504 171
582 57
184 186
174 183
575 124
413 317
236 212
79 139
311 76
450 164
4 97
165 183
135 40
283 237
430 323
133 169
282 237
463 215
202 194
61 17
144 25
461 219
416 315
335 261
420 315
540 3
218 199
88 140
84 140
369 282
281 57
138 166
545 10
24 110
285 237
265 224
68 130
180 12
494 174
387 331
555 145
409 291
59 130
586 79
585 81
168 183
269 225
406 296
64 128
180 186
2 99
121 162
97 144
412 320
570 128
463 169
261 224
5 112
420 319
425 145
324 259
440 333
461 216
413 289
584 84
562 139
412 313
417 314
282 235
21 95
406 320
237 210
441 250
342 269
166 180
92 147
582 51
169 182
586 61
194 190
383 330
436 327
302 244
248 214
37 118
231 31
30 71
122 161
403 305
55 27
586 75
333 87
290 240
563 140
443 247
580 50
99 153
582 106
191 16
287 63
418 322
55 123
409 135
65 135
306 250
38 115
464 209
397 302
143 172
571 35
81 138
317 80
277 56
546 154
244 215
43 117
293 241
416 142
379 298
7 98
131 168
282 59
52 35
20 113
343 268
425 324
367 280
189 193
522 166
209 201
583 109
442 331
0 91
46 45
422 316
414 139
2 94
503 170
68 7
193 190
324 78
302 248
24 109
18 101
200 16
397 126
449 336
280 234
32 112
170 182
450 336
230 205
267 229
397 304
553 148
174 186
446 240
398 299
144 28
445 242
468 209
328 257
380 303
578 46
483 184
192 189
470 180
197 193
422 324
298 244
25 85
582 54
394 302
572 41
470 175
298 247
278 230
463 172
402 297
185 186
325 258
302 70
383 289
59 126
556 20
396 301
202 200
17 101
76 139
467 174
116 157
211 199
472 201
301 70
379 328
447 334
346 92
99 148
272 53
60 129
423 316
258 219
587 90
227 207
108 158
27 113
349 94
584 73
78 135
115 157
166 1
403 297
22 106
552 16
241 36
377 327
50 35
437 327
391 296
62 17
29 110
407 308
584 94
373 283
119 163
379 300
313 76
59 132
296 242
408 310
58 127
489 175
290 65
18 102
19 107
143 170
448 336
555 146
260 224
433 262
138 170
183 192
29 107
309 74
196 193
153 177
48 125
534 3
383 117
124 163
393 298
91 144
98 145
383 333
352 273
176 189
552 14
366 105
394 125
392 316
409 310
586 90
439 329
103 154
238 211
315 254
125 167
478 187
277 229
8 108
246 219
244 213
444 245
438 251
407 132
576 38
199 16
84 142
17 108
455 167
541 7
246 39
584 59
405 130
41 54
225 28
347 92
408 295
26 111
375 329
124 166
397 301
135 166
170 186
519 165
377 325
63 131
584 93
163 2
580 107
378 295
164 178
27 112
30 73
386 327
403 130
559 143
58 23
112 153
290 241
183 6
282 236
383 290
194 196
274 54
196 18
404 129
391 122
151 14
33 65
380 327
453 228
87 145
271 52
381 115
44 46
38 58
206 195
308 73
410 313
208 197
554 18
401 297
442 158
419 317
134 166
48 40
65 10
95 145
430 150
433 263
349 272
579 47
583 101
468 178
266 49
425 276
580 55
582 58
33 110
207 18
566 25
380 332
176 4
463 211
26 81
125 160
529 162
364 277
586 62
586 78
560 21
556 147
369 285
211 203
126 165
494 172
195 17
438 332
41 117
468 206
205 201
164 179
328 260
461 168
418 320
388 119
89 143
587 66
347 271
5 109
421 143
362 102
583 64
442 247
71 2
331 84
371 285
5 113
156 5
532 162
583 66
379 323
378 288
458 218
136 39
570 129
315 253
557 19
151 173
14 102
515 168
442 248
326 81
410 295
392 315
443 158
342 91
190 195
13 99
413 139
440 156
147 21
587 76
392 319
59 21
11 109
574 122
273 231
337 262
397 309
371 288
468 171
88 141
576 121
331 259
169 7
382 294
128 168
330 258
463 212
417 316
178 4
187 194
561 23
448 238
428 327
287 61
186 14
300 244
100 153
236 209
52 127
557 145
426 322
162 3
244 212
396 313
419 322
336 263
7 101
148 173
408 308
298 248
23 110
579 118
305 248
121 158
356 274
205 199
200 18
205 196
60 21
140 33
391 299
233 33
586 91
428 149
50 125
175 10
6 96
372 108
587 86
213 202
339 268
54 130
419 323
493 174
376 113
20 107
576 120
444 332
216 204
586 72
333 261
382 332
285 238
393 124
463 217
431 324
238 33
553 14
136 40
331 260
341 265
29 73
143 169
245 215
278 233
424 273
384 331
465 169
442 336
52 33
216 198
378 334
433 329
377 113
39 121
411 312
515 167
312 76
418 314
200 15
94 144
430 148
434 152
395 324
376 290
177 184
584 54
40 116
44 47
114 154
140 31
286 236
562 138
583 59
179 189
325 260
61 132
292 242
536 1
37 119
234 211
357 277
326 256
381 302
427 272
421 145
260 46
16 104
386 295
193 10
382 316
191 190
426 324
309 247
386 293
184 185
345 266
378 291
374 289
196 192
378 290
587 94
395 308
3 95
182 7
555 149
172 184
228 210
81 136
348 93
66 132
139 36
440 155
579 45
569 129
361 279
378 323
32 110
9 98
507 170
567 33
173 2
71 135
411 310
436 254
73 139
51 33
434 331
415 138
287 236
35 62
63 13
197 195
565 139
404 130
584 69
20 111
298 242
230 211
194 11
201 16
485 180
184 190
146 170
172 183
145 26
34 110
237 209
147 22
237 33
424 323
223 28
45 124
117 157
201 17
44 48
199 18
574 128
289 64
55 28
153 9
503 172
392 297
31 69
51 36
191 9
31 68
101 149
377 329
354 275
162 179
407 135
76 141
328 258
212 199
45 123
42 50
344 90
82 139
182 13
502 172
189 192
388 322
242 217
441 158
474 201
426 146
39 54
169 185
574 42
382 306
90 146
277 230
126 167
142 30
162 178
399 127
370 287
568 29
72 135
84 139
394 317
145 22
378 335
53 124
391 294
192 193
315 256
256 45
418 144
546 9
80 138
429 271
168 7
184 8
5 99
255 219
348 271
427 148
25 106
415 139
217 205
13 101
366 277
45 48
24 101
465 214
386 291
444 335
402 129
233 208
462 216
284 237
134 169
424 322
380 115
394 299
221 202
293 65
23 86
585 93
356 98
573 123
571 125
529 164
399 303
585 86
303 246
396 305
38 57
235 33
458 226
204 18
587 92
364 282
400 307
295 243
236 210
569 34
411 289
79 138
150 178
172 182
198 197
412 139
387 318
547 8
259 223
441 335
575 126
380 301
177 9
291 240
409 311
580 116
445 335
60 133
246 38
474 183
19 113
399 307
25 80
253 217
372 337
55 130
457 166
552 12
362 275
175 182
326 258
454 228
93 148
379 333
467 169
606 204
580 268
236 110
533 197
563 196
526 204
578 268
604 184
586 13
570 191
495 205
548 214
167 78
142 10
600 152
597 201
85 97
494 216
595 219
241 122
583 182
596 271
604 217
608 277
180 92
507 221
600 132
547 235
160 72
572 194
118 41
568 195
507 206
502 210
100 18
559 254
602 69
586 244
557 208
204 95
536 238
534 187
568 238
98 74
598 37
122 44
522 215
572 172
571 262
604 68
595 232
582 0
176 79
598 20
526 188
609 263
496 207
565 239
104 38
608 19
576 256
587 151
565 224
87 12
251 115
608 42
594 251
252 124
594 218
605 201
562 226
87 84
500 217
225 105
498 230
573 229
555 179
111 24
559 221
586 247
583 189
116 36
594 264
601 130
556 251
192 98
581 259
480 4
548 194
572 217
553 212
592 120
537 191
600 245
241 113
540 235
63 52
539 210
547 230
536 211
585 169
78 102
98 2
586 252
516 214
561 211
587 8
531 244
588 164
97 16
551 252
604 41
81 106
584 13
165 74
242 114
492 59
552 213
249 121
580 191
590 242
100 28
576 223
580 186
77 31
604 166
150 68
87 103
582 197
109 53
595 209
103 58
114 56
83 111
602 219
603 114
575 233
94 26
605 238
532 243
537 203
536 196
118 52
602 179
515 193
586 224
589 141
520 204
608 13
247 111
84 19
546 186
581 198
245 123
209 103
518 241
557 188
71 53
511 195
253 128
535 230
605 22
589 146
85 98
548 235
257 117
93 77
577 217
227 103
564 211
83 107
181 87
518 239
123 32
562 171
606 159
530 135
572 246
248 112
605 167
601 246
507 43
595 236
533 201
536 215
98 26
551 200
530 231
588 136
569 211
530 207
513 220
584 212
542 128
602 252
528 139
93 30
537 190
603 230
528 203
604 194
202 101
112 30
574 213
594 216
586 157
102 59
499 209
556 225
553 248
511 211
580 197
523 144
196 97
600 147
578 184
588 174
88 28
599 11
588 262
206 103
596 195
73 104
65 36
569 168
141 4
74 110
604 259
547 180
87 23
538 189
608 99
86 91
589 206
188 80
537 212
605 194
547 189
564 178
566 236
516 239
181 80
605 172
564 169
205 95
587 231
599 7
226 101
499 207
607 195
221 105
93 19
535 222
603 163
226 114
608 274
583 157
536 246
536 205
525 232
559 183
488 58
594 248
602 225
599 30
243 113
99 2
109 40
535 206
125 35
90 82
595 203
598 36
129 24
558 242
537 219
550 233
531 239
578 265
127 29
84 4
245 114
164 73
594 241
574 215
63 47
554 185
243 115
544 231
585 203
554 210
585 147
102 29
106 29
524 132
492 3
511 203
573 6
543 232
582 247
99 19
601 264
541 241
595 130
601 90
199 94
244 121
493 210
578 236
572 206
491 55
562 177
488 221
234 117
563 258
129 26
581 258
222 112
180 88
569 2
593 158
215 109
605 113
518 198
555 171
89 79
494 219
555 205
568 171
571 192
506 42
569 1
591 132
122 35
534 186
558 202
576 249
511 193
602 109
592 196
604 113
553 216
567 183
511 205
127 25
582 211
247 113
595 122
607 202
243 123
533 221
229 101
597 177
167 85
597 11
64 41
577 192
148 71
83 80
586 1
608 83
591 247
598 194
598 38
566 222
510 205
82 100
551 197
567 185
217 97
569 262
519 203
560 168
90 15
86 101
578 261
538 193
564 254
570 185
589 231
525 199
557 191
507 218
576 209
84 36
166 80
602 9
500 48
607 59
591 242
492 43
609 3
547 241
536 123
126 39
504 227
569 258
608 104
81 109
113 29
554 237
533 185
101 78
551 227
604 176
606 148
86 102
499 221
550 224
210 105
588 247
570 252
594 240
152 67
87 7
492 212
591 168
583 227
504 217
608 198
580 184
239 112
569 263
568 225
100 70
574 168
516 236
599 145
580 160
589 235
487 58
601 82
64 36
552 188
600 220
540 206
107 6
515 216
86 20
529 190
80 32
549 214
570 170
589 0
587 249
603 92
594 25
594 180
230 107
586 260
548 210
588 141
552 245
595 268
587 177
245 119
597 211
104 64
498 11
593 129
535 226
599 223
554 230
100 79
526 190
566 172
602 174
238 119
544 201
540 228
510 216
608 2
526 233
86 89
220 103
579 266
597 114
600 273
81 13
604 101
76 112
497 54
604 265
520 235
514 228
586 256
251 127
609 225
107 65
174 86
598 5
572 170
604 9
607 278
142 72
563 177
597 28
494 207
605 152
591 166
600 180
129 22
546 179
93 79
602 55
573 187
569 230
586 219
599 208
150 70
599 210
603 8
597 272
516 234
107 52
577 1
177 76
91 36
516 207
561 243
78 107
82 29
606 129
144 75
606 179
595 245
578 231
198 100
536 207
517 196
580 238
502 201
607 228
536 222
557 185
77 30
608 136
556 214
586 140
113 32
501 221
554 203
599 177
250 119
486 45
588 215
539 123
601 212
609 2
121 36
167 72
588 171
103 74
210 98
534 227
571 220
124 33
528 201
518 196
237 107
73 33
596 132
603 93
534 199
162 85
490 50
588 207
74 28
498 206
596 25
586 8
114 28
575 157
102 1
86 17
550 250
557 219
554 252
500 225
208 98
486 218
490 41
582 150
90 74
543 219
514 196
590 143
601 247
113 39
519 11
98 67
164 80
579 220
607 86
596 29
102 21
564 219
156 82
101 11
609 11
597 265
589 3
100 64
101 36
82 108
576 171
603 264
96 18
550 190
85 24
569 207
516 203
213 107
565 233
588 271
507 224
498 228
580 269
606 278
517 198
600 207
581 256
600 134
587 220
585 13
91 69
108 33
197 84
606 84
525 203
167 86
526 229
600 199
223 97
592 190
600 127
508 209
146 65
604 25
591 231
512 205
595 142
544 216
598 22
588 137
486 60
185 86
585 262
598 32
609 170
176 78
70 26
100 6
598 164
549 202
116 43
591 249
544 235
142 70
584 155
497 212
515 211
61 42
232 110
594 165
572 180
569 204
607 119
606 248
535 234
554 254
126 29
606 133
599 163
499 226
240 112
89 81
608 0
606 134
128 26
583 1
85 92
606 160
108 26
596 251
586 240
572 182
595 25
502 34
543 241
558 199
553 222
552 202
567 241
87 89
521 229
604 121
600 164
176 87
608 267
593 251
602 17
204 94
609 73
145 67
608 72
577 11
606 157
578 210
544 193
564 187
598 170
595 177
108 23
233 114
160 73
182 86
85 105
85 17
97 24
542 184
253 126
510 211
479 5
605 189
508 229
540 219
575 254
516 12
584 234
576 260
249 113
498 227
494 222
85 5
577 222
119 52
543 249
542 246
211 105
589 183
608 123
502 203
513 213
510 222
593 212
512 215
563 215
506 222
575 197
609 5
127 30
539 247
586 229
174 77
75 106
583 222
608 231
217 101
518 14
212 105
601 196
573 12
584 245
550 230
550 231
579 193
87 99
496 8
591 11
593 231
598 30
523 191
587 161
84 105
565 258
583 249
567 3
609 40
581 152
233 106
116 52
578 214
243 117
555 250
608 278
555 195
184 78
566 224
602 50
552 224
581 208
509 214
609 104
526 193
597 132
102 13
100 20
566 173
483 7
92 67
599 250
209 99
79 36
548 241
604 205
599 56
186 88
593 210
515 14
597 53
581 176
601 256
511 219
550 242
194 98
515 195
554 202
604 47
508 232
607 243
603 2
582 213
573 186
574 167
568 233
214 104
557 207
511 196
607 75
564 258
596 164
516 205
595 4
586 201
86 40
572 189
493 212
597 158
81 38
523 215
84 17
101 80
249 112
591 261
513 211
75 25
568 245
106 47
602 238
599 159
570 223
540 220
166 87
104 74
57 52
609 13
552 228
166 79
607 156
585 264
577 172
602 128
545 219
608 275
499 231
583 209
516 210
579 191
595 167
585 148
589 177
553 217
509 221
490 1
180 77
530 213
606 165
559 236
570 217
591 187
603 168
545 251
571 240
168 87
582 238
574 11
583 202
607 34
542 129
598 270
119 31
523 189
595 166
100 10
609 72
608 44
606 28
561 167
94 87
579 14
535 190
534 220
573 199
597 134
576 248
156 75
603 40
519 210
89 2
171 78
92 22
514 201
523 213
592 142
603 269
523 235
81 115
609 25
569 206
566 203
579 219
570 256
249 117
499 202
565 185
511 222
595 247
565 210
606 2
609 77
549 211
93 74
588 231
576 226
94 19
106 72
540 201
601 86
543 203
181 78
82 9
590 266
239 118
600 34
567 226
591 197
590 2
528 233
604 140
576 212
575 209
102 71
591 260
607 124
557 178
543 194
594 33
519 218
599 194
257 121
159 77
574 234
538 229
573 166
478 5
608 31
529 200
585 230
548 180
559 231
605 54
83 21
201 88
569 212
608 111
115 29
606 188
604 201
500 35
523 193
608 66
77 113
530 235
511 235
79 112
551 203
581 224
595 262
607 80
573 185
544 237
518 192
114 57
574 188
597 137
572 183
589 210
174 80
606 115
598 139
575 229
608 283
590 135
492 57
539 234
555 230
537 211
235 119
67 41
90 76
96 24
518 213
600 15
589 2
592 203
565 242
600 260
589 30
578 234
207 106
583 164
604 276
92 20
567 227
93 67
591 221
572 161
107 49
235 115
601 3
80 22
514 217
608 172
93 25
218 108
598 114
102 24
557 224
566 214
515 222
609 39
603 187
72 101
577 210
607 171
512 201
88 29
583 270
601 171
604 2
204 99
74 111
598 206
550 177
152 76
591 232
553 226
156 67
550 237
603 10
581 235
607 236
77 18
597 205
580 221
560 198
504 233
146 77
525 136
492 50
604 132
580 198
558 201
609 158
105 0
596 157
601 276
607 161
506 203
596 253
574 266
79 94
94 61
555 186
599 52
592 229
497 205
603 47
601 260
240 106
505 221
192 82
602 213
608 11
564 236
559 230
84 43
83 29
81 19
522 214
536 124
576 266
585 227
513 12
550 247
163 85
540 215
529 201
96 28
603 224
108 70
598 1
489 53
500 201
581 155
500 53
104 62
596 36
593 3
609 172
580 263
97 68
499 208
585 228
144 67
603 156
99 27
110 28
601 238
98 71
587 236
600 160
540 182
552 242
483 9
591 176
63 49
577 239
578 170
609 102
227 111
604 24
87 83
607 182
95 83
531 243
607 266
534 191
80 111
609 148
608 150
549 226
600 130
602 273
553 215
237 115
509 198
593 179
597 15
559 259
602 170
604 185
98 60
594 32
604 1
597 125
79 107
97 23
603 107
171 87
537 225
602 262
606 174
602 73
493 63
154 76
584 177
575 203
527 241
566 182
543 238
572 240
567 245
600 270
589 255
494 59
593 193
519 234
586 225
105 23
587 261
599 228
521 191
83 28
508 33
602 26
575 216
521 206
101 71
512 213
250 115
119 39
600 118
524 215
574 218
69 50
600 265
607 106
483 51
571 252
551 216
564 256
604 0
551 202
566 251
576 8
609 204
514 220
587 238
589 246
108 62
163 73
600 60
105 44
82 114
96 59
605 115
503 36
202 91
67 51
111 30
93 62
604 267
93 20
569 181
185 83
525 237
103 52
160 70
605 14
132 20
512 221
526 198
109 25
519 198
602 114
593 170
583 166
607 247
602 231
604 39
592 244
518 219
99 29
595 14
602 137
584 183
516 194
62 49
607 193
599 257
587 198
210 102
604 253
564 183
590 237
591 230
244 124
607 164
597 41
578 267
536 218
591 226
152 68
605 73
603 265
482 5
91 75
85 23
541 209
533 189
475 1
527 205
232 108
205 88
187 90
91 86
605 70
604 149
529 233
517 232
110 49
539 128
578 240
582 246
493 61
93 80
605 262
503 47
75 98
495 57
113 40
529 207
563 208
548 185
61 44
581 8
95 25
562 256
560 230
596 153
574 0
563 205
584 159
155 74
598 116
568 2
145 3
486 225
552 247
115 58
200 90
58 48
559 194
545 229
180 91
588 218
596 216
557 193
198 92
587 210
527 206
600 202
603 130
605 240
506 32
583 201
164 78
565 225
606 135
518 205
599 277
552 174
79 35
525 188
562 187
598 269
589 11
496 225
80 87
607 235
481 4
601 215
574 176
560 178
214 96
593 145
575 210
533 227
80 21
500 32
99 82
226 104
596 20
605 193
569 218
126 25
604 64
598 160
580 173
252 125
504 198
180 81
195 88
230 114
506 33
608 196
603 188
546 209
92 30
591 15
609 119
77 25
564 221
591 184
554 220
582 258
509 220
502 215
597 175
575 170
590 246
60 44
156 68
568 207
592 135
606 224
599 167
83 10
541 190
584 164
88 0
602 82
555 214
497 57
587 156
98 1
537 185
564 212
534 242
576 167
103 51
221 99
603 14
562 242
580 200
602 233
607 79
600 32
575 191
115 57
147 64
84 102
511 198
106 21
82 17
491 39
579 233
605 270
522 207
508 226
548 247
595 27
223 113
96 33
587 154
603 59
540 211
102 50
167 79
498 9
575 204
599 32
95 18
552 240
571 196
523 137
154 81
602 12
541 184
172 79
573 174
517 13
592 125
504 34
579 164
605 248
213 108
596 234
132 26
510 209
606 150
554 229
568 202
545 244
95 3
505 33
593 223
584 190
157 76
584 202
602 30
169 74
589 166
109 61
564 215
582 182
566 192
597 255
567 210
90 4
599 168
567 187
486 46
88 36
66 38
601 32
486 49
78 92
197 94
590 188
599 3
94 80
149 66
85 110
594 20
579 0
598 2
243 109
593 37
124 30
588 178
606 108
549 178
589 196
605 4
569 246
98 56
73 31
548 222
604 144
557 244
236 109
84 20
540 216
551 238
72 52
601 183
77 32
179 87
605 47
534 246
560 256
594 219
562 198
249 126
87 17
98 25
165 80
543 234
594 149
535 191
545 221
514 222
525 144
525 140
603 147
239 107
174 85
82 19
82 28
535 186
596 33
590 191
500 200
507 201
530 138
603 31
90 95
608 116
608 105
92 31
601 63
558 240
546 203
604 190
205 90
604 104
567 228
539 227
596 185
590 15
110 57
576 267
599 246
603 180
123 35
97 83
559 179
491 226
533 231
599 225
213 98
606 19
571 259
528 198
163 70
505 208
80 10
529 139
114 53
573 226
152 77
194 84
605 102
134 21
205 96
248 110
605 164
202 87
131 26
204 104
157 83
145 71
226 115
194 95
590 137
557 217
72 26
146 75
565 166
592 168
586 172
115 31
539 237
65 47
146 73
595 16
609 137
590 272
573 250
66 40
504 47
565 184
180 78
519 211
511 229
594 123
531 199
543 201
604 154
545 238
599 172
81 31
82 89
541 182
511 208
164 76
588 162
109 5
132 29
582 179
84 29
603 139
78 16
600 228
554 235
244 118
551 199
576 169
576 4
79 15
564 237
591 2
185 79
232 115
557 249
527 134
591 190
79 38
505 203
599 232
252 126
607 252
173 87
86 97
524 200
601 151
596 42
568 199
583 196
608 7
563 204
200 92
521 204
256 121
548 233
596 151
605 221
604 271
591 227
593 154
202 100
606 143
601 180
512 226
545 185
496 52
185 96
584 224
595 1
489 3
119 40
180 80
583 187
602 129
521 196
552 194
600 205
544 220
59 53
577 242
541 206
94 69
590 161
578 183
80 90
541 249
559 190
225 99
566 164
537 234
501 38
565 223
603 222
85 104
81 111
608 261
562 245
602 133
604 43
560 174
548 232
506 199
570 196
563 238
515 239
589 243
91 93
585 202
565 0
492 39
516 192
505 206
593 219
543 236
517 197
126 32
188 87
90 32
88 26
560 211
558 203
110 30
556 172
567 234
603 248
141 11
587 246
60 51
600 197
552 210
565 189
541 200
608 216
565 205
556 232
604 244
600 125
91 97
497 210
496 57
592 122
114 59
607 198
586 230
514 230
250 126
573 239
581 159
601 126
526 234
561 205
570 167
567 209
172 90
604 4
580 19
493 3
76 31
530 216
81 96
520 190
609 22
101 9
576 173
584 219
596 23
599 47
535 126
208 96
85 16
584 156
555 217
577 240
609 16
511 223
606 57
250 123
498 56
568 244
604 131
249 119
517 224
160 84
508 221
75 97
608 20
551 231
541 205
584 17
559 256
512 204
597 9
600 163
63 46
146 62
90 68
600 120
600 115
577 203
606 51
590 262
537 199
507 32
571 246
178 84
590 152
111 60
603 205
587 207
563 250
505 198
99 54
574 189
604 200
533 187
608 95
589 204
524 220
595 150
93 95
502 224
526 139
216 100
496 221
214 98
591 183
192 97
149 63
585 246
608 27
578 237
514 224
555 191
530 225
557 248
554 231
131 28
146 67
70 54
234 108
598 190
67 36
503 218
158 73
568 187
89 102
168 85
600 173
554 221
606 136
605 244
593 230
579 210
97 3
78 94
510 217
564 170
594 234
485 46
576 172
593 274
170 76
573 213
568 240
593 208
107 40
533 119
580 158
524 137
570 241
545 203
250 113
598 158
66 34
565 226
600 250
538 203
205 89
553 197
596 114
96 79
609 279
85 22
595 134
195 96
566 218
583 145
580 12
609 280
526 220
608 227
581 247
88 3
600 258
552 197
83 85
569 3
548 191
584 149
98 28
519 230
95 92
577 204
533 219
247 117
562 232
555 243
564 0
541 243
559 247
529 240
608 269
487 222
606 110
599 28
80 106
561 214
595 204
590 208
549 224
609 208
569 219
492 219
583 146
483 5
108 45
522 229
556 180
562 182
520 215
105 65
592 264
591 148
576 197
500 228
599 140
572 238
486 7
594 238
544 185
99 9
498 217
577 238
534 185
152 65
544 202
558 224
98 79
139 16
596 212
78 24
602 168
118 44
216 99
480 7
593 136
228 100
209 95
515 197
606 201
596 187
580 168
89 6
582 20
513 233
597 235
524 140
608 164
539 190
601 194
586 187
173 75
110 35
607 163
515 210
607 134
566 181
589 179
589 259
116 45
105 71
238 120
487 221
596 181
135 13
108 30
87 76
107 71
134 24
549 191
198 91
587 180
550 176
154 79
111 53
601 186
235 109
88 1
605 235
526 241
547 196
594 146
597 111
193 92
568 250
602 255
557 171
74 100
593 135
607 137
599 43
609 105
179 86
568 246
516 199
592 201
512 198
589 176
520 194
605 274
498 54
210 103
114 31
495 218
520 213
111 33
559 234
208 101
548 206
569 240
598 242
106 56
568 255
589 178
519 12
547 221
596 219
602 188
590 186
60 42
589 199
563 174
591 202
112 26
80 27
510 213
569 173
586 152
218 100
528 229
235 116
593 258
84 84
597 35
590 25
603 77
117 48
109 29
567 231
579 244
98 10
104 69
557 206
583 3
527 225
608 281
503 44
587 248
545 223
502 40
585 0
526 142
561 201
232 114
562 166
605 185
557 179
70 27
543 237
183 83
598 130
571 179
552 222
557 253
591 178
606 114
606 138
604 225
485 14
599 251
583 8
568 209
582 18
596 14
591 27
548 231
146 0
609 17
147 74
593 169
599 13
562 227
97 67
100 3
533 196
609 236
72 51
250 124
609 87
549 246
591 173
561 253
601 127
246 110
494 56
585 12
580 227
97 57
530 136
495 212
76 24
595 276
108 37
603 25
600 254
608 65
179 84
66 36
571 257
128 29
579 177
556 246
82 42
538 248
502 222
594 26
223 99
184 90
571 162
497 214
603 125
563 170
573 202
83 102
109 58
196 100
490 55
582 159
142 4
77 112
605 51
547 232
529 206
597 163
608 127
572 244
580 242
561 207
572 251
180 87
602 151
578 201
568 215
548 240
559 196
607 199
579 218
599 147
603 159
555 208
559 192
257 115
501 37
575 14
601 202
603 143
208 104
556 209
564 252
600 38
114 50
204 92
609 37
498 204
608 225
88 22
545 205
606 125
524 144
535 233
595 260
546 214
583 178
68 32
507 203
586 141
530 139
601 143
558 247
526 216
234 115
605 216
526 232
585 247
531 232
594 137
570 205
90 28
599 178
108 41
521 225
587 181
80 102
257 116
559 258
82 112
605 159
76 114
507 211
581 252
92 97
562 179
598 29
607 167
597 186
601 58
504 214
510 219
119 30
486 10
608 142
604 198
592 167
543 199
494 48
230 113
587 12
607 190
598 267
568 192
596 21
604 134
92 75
233 113
519 235
182 91
576 168
589 172
559 201
571 186
569 216
255 116
242 122
592 27
573 173
242 113
144 68
602 122
565 254
603 13
534 217
597 46
609 75
86 4
594 271
80 26
577 249
589 267
595 194
532 188
580 206
130 23
107 56
477 1
96 86
583 21
514 212
600 136
501 207
580 249
601 208
85 43
154 77
482 53
603 20
98 31
97 63
106 51
560 184
588 261
564 241
116 48
593 31
507 226
607 143
78 108
600 241
600 0
560 181
79 28
74 55
503 225
529 192
574 249
576 198
92 95
116 49
548 193
547 198
595 242
72 56
102 25
600 146
107 46
596 165
108 55
102 7
574 255
138 13
574 197
539 204
249 114
519 138
592 155
584 7
488 3
143 3
549 200
492 216
219 106
605 132
606 218
513 212
605 18
104 37
568 263
602 223
601 227
598 53
579 226
593 185
590 20
594 151
607 107
552 180
605 272
540 186
538 202
533 214
589 6
143 73
606 54
580 20
102 57
503 202
533 241
533 228
552 215
552 184
604 138
574 190
602 236
589 180
574 165
538 187
593 213
570 209
591 210
505 218
93 23
571 3
591 248
94 3
599 164
587 182
589 258
593 237
110 54
600 140
599 137
588 199
596 194
555 213
565 196
602 49
586 250
609 122
114 44
588 192
572 1
608 239
608 33
515 205
102 53
77 28
103 67
525 193
574 264
542 195
537 218
534 222
605 38
236 112
172 80
212 107
609 49
607 27
607 139
229 107
513 215
563 206
147 77
591 156
74 54
577 186
599 179
607 249
61 52
609 259
71 105
580 203
571 254
570 239
538 213
582 210
97 70
573 223
608 171
605 217
103 66
523 208
593 232
579 237
570 203
498 225
593 35
606 85
606 281
102 76
557 174
160 78
545 204
547 243
524 216
608 265
536 185
554 184
491 210
210 101
536 203
106 68
606 176
186 89
501 216
598 117
607 36
522 136
566 252
603 118
80 88
76 113
222 107
509 31
103 62
552 195
606 249
574 12
100 53
557 239
598 54
577 14
593 125
580 241
595 29
602 130
563 253
568 189
601 103
594 224
586 200
508 211
608 146
596 41
239 106
108 69
94 84
603 155
542 198
177 92
62 40
608 157
598 211
601 177
605 175
602 247
598 111
575 225
245 117
555 185
189 90
111 42
587 228
585 160
588 26
542 215
531 138
557 209
81 94
547 246
584 16
587 138
588 163
237 109
226 103
606 45
85 87
93 29
536 191
163 82
588 156
502 199
605 267
552 212
200 87
606 27
177 84
558 205
508 224
589 253
152 80
597 196
78 32
603 61
601 146
599 204
580 185
579 175
583 269
101 25
503 51
534 206
609 126
75 24
575 195
514 213
563 203
178 77
556 186
188 94
576 250
583 156
541 233
564 175
601 268
601 65
103 5
491 3
82 34
482 55
580 205
604 36
67 29
72 55
604 274
505 35
546 216
555 190
603 189
567 170
539 244
100 65
569 166
140 4
605 220
570 260
192 99
600 11
603 98
601 261
604 212
585 142
598 223
592 14
516 201
568 222
598 12
95 19
95 73
251 126
500 211
601 161
564 166
525 143
598 208
87 5
596 147
84 16
121 42
521 240
606 74
596 221
601 163
102 82
540 250
185 91
550 238
574 212
219 100
585 176
600 150
497 222
126 35
581 230
170 88
506 44
505 199
117 38
603 109
226 113
606 240
98 76
513 221
503 233
609 68
571 1
594 142
550 185
604 38
157 70
230 103
594 242
498 220
500 49
552 254
572 5
600 129
548 236
524 221
600 43
502 204
556 234
575 263
602 95
604 237
556 203
591 170
602 118
580 176
88 86
593 270
604 199
608 246
166 85
587 15
548 187
91 31
580 161
596 9
535 187
597 42
91 15
579 224
517 193
577 206
512 10
106 61
68 31
580 7
608 204
585 175
595 180
517 221
564 214
216 104
558 187
605 157
520 191
606 35
516 216
494 206
587 240
105 52
489 58
576 239
509 218
572 223
553 245
604 232
142 13
518 202
538 206
584 1
609 243
478 1
598 260
558 250
100 34
553 236
552 235
528 214
599 244
571 8
568 172
589 19
194 92
79 97
557 211
511 199
597 258
582 196
166 83
571 165
495 49
517 230
594 39
589 168
587 256
593 202
161 77
114 46
92 16
500 33
607 115
195 98
598 213
526 227
60 48
144 0
498 210
607 207
105 53
579 3
572 205
579 200
531 217
606 130
549 179
564 232
491 227
504 224
605 46
110 38
601 97
255 122
105 29
103 79
99 65
206 96
241 117
576 9
602 88
527 188
108 2
577 12
607 127
65 35
590 156
126 38
596 31
592 206
491 42
588 143
498 202
590 128
580 199
607 237
597 145
598 42
587 245
141 12
606 210
510 198
549 245
503 222
588 255
601 179
158 80
200 88
591 144
180 86
551 217
523 241
549 182
524 189
103 33
78 106
593 253
584 223
529 218
592 22
605 121
223 109
217 96
117 43
560 185
600 44
73 106
65 42
64 39
582 19
552 211
176 86
595 235
526 226
232 102
531 238
493 53
591 254
553 202
537 193
538 183
490 58
587 170
601 81
104 77
598 156
527 194
515 200
590 150
600 4
242 117
600 6
557 252
594 220
599 105
593 262
226 112
554 228
572 230
540 199
565 176
555 206
114 30
590 211
569 174
63 40
605 56
601 267
114 33
585 243
599 211
514 193
196 93
591 145
220 109
607 215
573 171
113 36
576 184
571 256
570 251
118 31
544 225
601 136
608 129
524 195
589 194
542 224
602 214
543 244
221 107
517 223
602 182
502 206
607 116
607 232
541 203
585 192
582 225
581 0
217 106
509 212
602 203
606 247
515 13
557 198
586 162
589 161
595 33
513 232
602 35
500 220
607 90
87 86
528 195
548 209
85 25
91 90
212 96
597 20
574 201
527 141
580 17
69 103
151 71
591 243
576 2
609 247
508 227
63 53
596 220
481 56
546 215
599 58
588 14
577 252
529 228
582 202
604 145
571 161
589 190
555 194
585 217
558 252
554 191
129 29
566 183
81 113
539 187
563 198
587 226
556 248
538 198
183 92
85 109
228 115
597 242
596 223
601 56
67 49
599 229
579 174
603 236
232 105
97 69
601 9
591 246
526 140
563 237
541 228
607 130
606 265
81 34
597 0
494 225
527 231
598 131
504 226
544 198
595 213
576 219
244 114
191 94
195 101
552 207
111 63
588 204
602 152
63 51
79 91
545 210
604 91
517 214
594 202
109 43
522 193
104 2
507 204
595 252
548 188
550 225
605 94
572 249
588 206
79 31
531 223
602 180
112 29
196 96
528 187
161 79
90 86
529 203
566 3
167 82
570 232
540 213
156 74
537 220
596 19
590 146
91 28
579 265
75 34
254 114
606 52
156 76
100 24
488 46
604 69
549 199
550 182
502 226
84 30
186 84
86 81
608 149
493 225
597 138
109 34
606 71
604 209
487 43
528 236
542 225
84 21
100 80
98 86
607 201
240 119
570 198
560 215
608 179
120 29
194 99
540 233
78 113
530 245
528 240
97 22
574 172
541 183
608 139
72 31
585 263
582 16
565 171
152 81
167 75
588 260
587 147
586 156
66 46
256 119
72 34
588 238
570 188
91 21
126 26
559 220
515 224
576 243
603 239
173 77
80 91
579 160
499 200
112 50
104 52
608 205
177 89
94 89
560 232
573 5
562 205
133 26
91 27
220 104
80 113
598 121
549 241
63 38
568 188
590 142
537 125
608 173
598 122
550 223
604 118
477 2
131 27
597 162
506 218
576 14
604 80
571 176
570 230
606 142
592 0
571 230
588 22
605 140
101 34
100 51
506 41
548 197
606 81
61 48
591 205
605 161
516 223
551 240
92 77
103 76
100 0
576 232
105 4
94 78
595 0
176 75
557 231
603 80
213 104
563 246
604 260
544 199
209 98
162 83
241 120
559 202
608 69
142 75
111 54
488 53
89 28
102 72
116 32
105 30
250 117
85 18
555 236
597 219
599 215
164 77
571 213
66 53
78 22
571 219
607 194
485 51
599 57
128 31
567 208
97 27
585 8
484 53
553 242
579 178
200 96
578 160
254 113
76 35
601 262
567 216
595 191
539 199
597 109
602 185
547 179
570 206
573 181
509 235
145 68
573 163
606 22
553 211
139 8
582 170
608 30
104 55
582 169
541 125
78 93
606 90
586 271
594 192
598 125
96 74
106 36
76 93
507 232
583 185
72 106
533 232
503 30
558 180
551 232
539 183
215 98
591 127
604 165
565 197
122 43
598 44
550 244
608 14
593 273
592 130
562 188
587 260
93 32
598 143
601 99
608 126
594 124
607 145
81 21
543 247
549 194
201 92
582 227
600 29
544 233
574 196
602 34
83 13
585 235
591 238
543 229
602 157
606 63
563 210
597 168
599 182
84 11
550 255
608 276
175 84
83 95
205 98
606 242
125 38
103 6
103 80
245 113
522 228
596 232
608 59
120 47
565 182
187 89
585 201
87 87
493 59
597 17
595 19
543 221
580 265
562 224
588 183
604 167
581 245
88 96
575 218
599 2
205 97
575 213
490 43
532 223
603 262
114 32
603 95
547 215
99 23
599 108
92 32
493 2
164 86
145 70
488 55
554 218
580 172
523 217
520 227
606 144
582 212
581 210
540 212
518 197
80 95
576 210
559 211
588 235
140 73
502 52
90 73
555 238
537 213
602 124
203 96
90 91
608 151
532 231
82 22
88 104
125 29
527 219
248 116
600 36
526 200
552 225
81 36
517 229
499 49
582 237
587 263
528 228
602 240
609 4
501 34
578 187
544 200
509 207
575 187
551 253
98 81
601 210
601 132
253 114
106 53
523 230
533 202
81 30
584 171
526 235
598 172
597 161
499 214
601 76
581 175
606 196
566 227
540 183
498 52
559 212
601 232
588 219
600 54
493 219
149 67
574 162
584 185
552 178
604 106
518 206
258 119
114 27
569 175
563 228
534 204
504 210
582 203
554 205
596 246
104 32
593 15
590 24
596 264
138 19
604 128
489 46
577 185
536 221
583 10
549 188
576 174
184 92
505 233
554 222
563 168
596 193
590 5
600 242
596 32
598 3
540 200
599 38
203 91
236 116
485 8
603 165
95 84
198 99
102 4
150 64
597 252
85 36
575 226
109 41
545 248
82 25
604 211
551 239
583 169
89 24
524 208
605 2
105 75
600 126
598 214
597 262
110 51
566 211
510 230
514 229
519 237
607 101
600 33
588 244
96 3
596 245
582 229
603 256
527 191
549 225
74 33
606 244
599 218
583 168
593 228
87 2
542 240
528 222
549 206
151 73
63 39
607 135
585 10
609 215
609 245
515 209
521 211
573 165
563 260
605 91
508 218
546 250
119 41
553 185
529 220
509 197
596 222
584 22
598 263
500 54
170 83
529 136
563 235
533 193
571 209
105 47
588 228
63 36
605 138
100 29
594 174
540 192
60 53
575 188
595 30
589 159
525 235
603 232
192 89
605 234
105 1
212 94
537 194
173 74
587 201
106 62
573 175
161 81
504 199
89 31
592 5
542 127
597 256
77 29
84 41
87 88
584 254
584 263
226 109
504 208
582 193
601 52
588 145
60 45
587 159
152 79
605 85
553 255
598 273
576 254
501 217
121 43
597 149
510 203
560 243
565 3
499 53
578 215
74 29
601 209
564 249
73 98
492 222
75 110
129 28
572 237
601 244
75 104
237 118
550 179
88 97
581 191
604 94
82 113
111 35
581 15
76 111
502 198
605 97
579 197
93 78
151 79
101 74
578 204
86 37
491 45
579 240
562 170
567 181
526 202
596 148
563 232
609 21
589 236
124 34
568 229
578 11
176 84
531 235
505 201
563 172
543 242
139 13
212 106
513 201
257 118
579 223
576 238
558 186
189 96
102 11
567 249
603 244
121 45
538 228
506 208
573 168
551 204
595 135
141 75
534 201
604 44
596 207
580 13
107 1
510 224
596 241
173 81
90 78
486 222
521 213
605 68
68 105
545 212
563 254
590 197
149 71
603 101
592 134
494 60
493 57
252 118
224 101
561 255
97 89
587 140
608 61
525 217
605 178
584 174
588 146
604 15
159 73
119 37
103 61
609 134
588 11
560 227
94 30
554 223
223 102
597 39
583 5
600 7
207 99
106 27
584 21
525 192
498 212
606 5
233 116
483 52
584 203
533 229
572 169
503 215
111 56
82 96
162 79
105 46
532 204
559 176
222 98
604 236
501 210
177 81
581 12
174 75
495 214
504 219
247 122
519 195
577 234
565 244
583 219
234 104
576 225
568 186
239 115
535 216
605 130
122 36
220 112
525 200
539 184
215 107
571 166
605 183
213 95
604 40
79 37
545 196
533 190
609 199
604 256
248 121
606 56
606 221
602 13
579 243
97 78
601 80
506 219
588 177
601 29
592 123
595 20
83 41
86 34
589 249
604 83
582 209
238 111
565 251
105 6
581 249
565 169
495 216
592 15
584 179
107 33
609 128
607 185
94 31
589 245
254 119
147 79
94 86
241 110
520 212
554 216
543 235
569 191
585 253
609 9
534 216
539 222
524 214
606 268
86 85
587 221
155 72
557 243
541 246
494 53
106 48
551 255
68 49
496 209
93 75
99 68
403 75
439 77
465 31
459 7
451 6
376 59
463 7
395 53
290 9
393 66
451 8
388 16
372 56
452 4
383 17
387 67
301 13
408 78
405 81
421 7
367 34
313 18
470 15
412 62
457 4
369 44
331 29
321 5
368 40
324 21
360 32
413 69
469 12
391 64
396 72
356 34
431 75
375 54
380 44
326 23
391 49
294 10
329 18
371 41
326 10
446 5
415 69
456 11
376 56
463 11
304 18
399 70
392 53
305 13
320 5
371 34
372 57
328 24
323 6
407 63
381 24
405 63
464 11
308 20
366 40
442 82
292 10
367 36
311 11
464 16
363 19
393 71
386 67
404 55
375 34
402 76
425 73
390 68
402 54
326 12
363 38
360 36
455 5
415 18
361 26
402 53
425 91
385 18
300 15
412 65
401 59
371 15
323 26
412 81
419 73
370 40
449 6
439 79
374 35
416 90
470 12
360 35
309 14
360 34
356 35
390 21
326 26
398 51
317 23
294 12
335 33
370 36
437 77
424 4
418 13
415 68
311 12
411 61
317 18
365 41
362 39
426 4
307 11
357 33
313 23
440 1
403 57
392 71
381 22
417 13
384 60
399 58
385 26
311 20
416 71
368 32
330 30
379 29
382 45
442 80
456 7
394 68
331 28
405 61
365 22
305 0
460 6
327 18
404 77
395 71
300 11
435 74
405 77
318 22
470 16
313 1
478 21
365 15
457 12
337 36
381 65
325 30
423 74
380 21
446 2
441 1
335 34
339 33
305 15
314 18
314 19
366 38
402 78
373 54
415 90
312 22
372 58
330 17
400 52
306 12
385 25
392 48
456 2
394 72
421 4
301 16
447 5
368 41
420 23
370 38
410 67
407 76
467 13
383 24
378 58
462 15
425 74
406 63
302 15
393 72
475 19
404 62
390 64
368 13
301 12
294 8
412 12
440 83
445 0
305 14
314 17
367 32
462 8
408 79
361 28
362 28
308 14
313 16
310 4
465 10
363 32
402 77
460 9
312 14
334 13
293 8
402 74
368 38
469 10
312 0
377 52
439 86
307 17
408 60
439 80
415 20
376 55
397 51
394 71
318 3
419 70
327 19
443 1
464 13
317 25
393 48
371 38
397 54
310 17
366 33
364 36
388 63
362 20
363 40
398 76
464 10
304 17
367 37
411 63
369 37
299 12
417 65
339 19
375 57
376 62
361 34
442 81
345 19
403 76
424 72
394 52
458 10
395 73
441 2
429 76
329 20
465 14
372 39
306 16
378 61
424 73
466 31
404 79
412 66
397 74
311 2
470 33
315 20
388 19
367 17
328 19
456 1
417 82
368 43
388 20
325 28
293 12
307 15
336 17
340 19
382 21
461 12
397 72
420 70
426 78
416 13
428 75
328 12
338 34
304 14
393 67
297 11
323 28
340 18
330 15
310 5
396 51
398 71
429 74
380 23
453 7
311 6
414 66
396 52
458 3
375 59
294 9
339 18
427 93
307 0
421 8
332 31
366 36
455 9
461 10
417 92
365 18
421 9
364 14
378 44
312 12
421 10
419 22
471 33
410 77
450 5
364 18
337 32
395 70
462 14
403 54
325 7
364 17
457 5
358 34
438 77
378 62
459 8
402 75
325 25
391 46
447 6
416 12
296 10
292 11
400 54
324 8
399 72
366 19
329 29
398 72
331 15
390 48
293 10
360 29
381 64
360 28
368 37
462 9
292 7
463 14
363 37
466 29
324 7
373 37
413 62
423 72
400 72
422 6
368 44
362 34
307 1
321 27
298 13
313 19
365 16
321 25
374 61
295 12
394 70
363 29
316 22
311 19
319 23
369 36
366 21
365 23
459 9
459 11
396 54
369 39
387 66
318 19
396 53
409 79
311 3
422 90
417 66
401 78
301 118
564 84
302 305
313 298
274 243
304 260
5 174
580 37
491 163
58 111
515 175
26 150
337 285
151 187
277 245
569 55
37 197
420 297
26 149
343 283
234 222
369 78
25 166
567 54
293 318
586 116
216 212
320 272
7 169
447 249
321 63
555 99
569 142
507 176
95 39
324 270
4 169
561 150
570 99
420 126
41 138
371 78
587 108
233 18
486 191
575 94
256 34
89 53
45 151
589 53
565 98
342 290
340 278
423 307
25 151
301 59
139 186
287 332
449 249
128 152
224 215
18 159
447 93
312 297
22 148
126 152
428 283
300 305
337 78
141 184
369 79
297 58
15 158
223 218
566 53
29 165
345 285
569 16
125 152
271 44
491 182
113 144
126 151
577 31
165 204
86 169
451 84
298 20
443 261
296 256
292 17
33 146
565 112
512 176
424 288
558 63
288 250
246 10
521 171
341 277
107 144
453 243
454 241
21 150
37 136
423 306
41 136
324 274
311 297
566 18
558 153
586 115
559 151
438 100
179 220
425 281
383 282
87 168
401 119
322 271
424 124
490 182
2 169
43 151
4 127
140 182
258 37
287 329
232 23
277 253
163 195
287 336
320 65
568 113
127 62
420 299
86 54
24 169
534 146
51 134
291 331
54 138
287 51
89 165
420 264
424 286
444 254
7 168
556 98
163 196
326 57
335 81
189 226
89 155
549 137
565 110
447 250
481 199
588 53
565 52
425 285
289 331
11 163
298 307
24 144
423 288
556 105
125 66
571 62
429 281
345 288
415 272
86 55
277 246
431 113
1 172
5 167
129 153
427 117
324 70
3 165
34 141
511 176
456 239
401 118
480 199
287 330
435 105
581 126
177 220
555 31
56 136
337 80
557 153
508 176
43 134
98 162
276 249
79 51
425 307
30 149
292 19
249 8
68 150
111 143
541 143
312 298
386 94
448 249
42 133
423 291
561 151
26 166
7 164
378 277
25 144
26 126
262 39
188 227
449 250
489 183
453 79
16 157
303 60
569 92
309 297
420 298
0 180
298 59
566 109
98 136
554 101
559 130
534 167
491 164
591 75
21 152
32 141
181 220
206 209
85 164
27 149
418 266
148 189
451 83
458 237
429 279
59 113
565 86
421 296
572 62
312 265
324 269
522 156
17 161
12 156
534 168
34 140
535 167
567 111
337 286
39 136
533 146
319 67
7 170
55 140
129 155
443 257
572 137
211 210
103 164
4 166
96 138
348 293
87 165
581 37
556 106
344 284
258 16
5 126
231 21
536 167
402 118
409 277
305 260
70 42
320 67
488 185
555 106
229 217
369 80
155 195
456 240
367 97
334 78
268 241
330 277
452 83
432 111
366 94
569 106
301 259
242 225
482 196
15 157
346 287
428 282
19 156
535 166
550 160
4 175
211 213
335 78
252 31
144 191
180 242
38 139
542 164
14 161
128 61
525 170
0 177
313 67
229 219
215 214
298 21
535 103
231 20
291 253
19 153
569 77
511 160
589 103
420 295
144 190
56 111
40 136
390 106
443 259
28 150
536 146
332 274
322 273
263 34
3 170
390 105
421 291
371 79
314 264
299 59
56 137
422 297
571 56
422 126
310 298
270 238
59 143
555 125
136 161
572 69
257 34
138 183
500 178
214 214
549 3
30 165
322 277
105 163
181 221
464 157
566 98
234 219
533 147
113 146
156 194
39 195
557 33
257 33
544 18
449 90
112 144
16 160
23 167
526 170
336 80
455 238
4 168
545 161
422 289
452 242
524 170
304 118
16 155
86 164
537 167
69 149
566 81
558 129
348 291
525 154
455 79
32 140
7 171
224 217
247 226
311 62
551 45
483 197
521 158
511 175
568 47
585 115
591 69
566 46
454 240
15 160
452 241
464 160
310 63
308 63
333 44
426 120
590 58
144 188
423 259
546 160
141 182
3 175
79 49
585 42
345 283
3 127
85 167
172 227
33 138
299 58
55 113
420 294
65 146
29 144
526 169
31 143
560 151
573 87
56 114
519 158
27 145
42 138
556 155
314 298
325 59
424 257
559 152
264 238
573 137
314 29
103 165
269 43
263 238
552 158
3 130
38 197
17 159
257 31
149 189
9 126
255 22
44 150
141 187
421 298
428 281
162 196
223 219
16 125
504 161
563 86
564 86
424 308
566 96
427 282
437 103
70 40
4 164
0 176
232 22
570 74
389 107
535 142
463 160
207 209
313 300
79 52
385 93
34 136
561 9
291 330
23 148
290 330
321 65
426 119
25 147
256 20
554 134
482 195
524 155
582 37
98 161
525 155
430 114
258 14
258 31
425 121
113 147
111 142
45 150
453 240
147 190
8 125
558 107
484 191
555 154
502 179
0 175
534 149
564 46
571 55
22 125
244 24
320 66
20 153
293 317
450 247
23 152
20 155
430 117
84 169
96 38
85 166
8 161
10 124
483 195
341 284
220 214
408 279
6 173
96 40
310 62
565 50
427 281
206 208
342 283
55 139
13 158
287 52
114 84
287 250
581 124
238 223
166 205
260 234
73 152
569 98
26 147
592 75
532 168
259 37
60 109
515 173
22 149
89 164
34 146
257 36
335 285
311 296
566 100
333 274
557 64
140 160
29 149
424 125
322 63
311 299
480 163
566 111
313 264
324 59
534 145
326 55
45 149
85 169
18 154
278 249
24 147
425 282
90 166
3 168
178 221
293 331
552 44
277 249
5 127
416 268
35 138
367 82
319 293
482 197
336 82
430 116
571 138
320 273
292 319
341 283
184 147
165 139
209 151
158 115
164 143
158 108
222 166
228 155
236 157
236 156
189 139
168 133
208 156
231 151
248 158
252 163
184 150
160 127
165 141
157 115
151 127
227 151
177 119
226 150
157 122
242 158
195 139
233 155
220 169
241 158
158 123
161 121
209 142
218 135
249 166
173 126
192 129
235 147
169 131
209 145
169 125
175 132
166 139
205 161
180 133
212 141
183 134
202 159
179 118
220 150
238 142
222 150
247 161
229 153
212 138
160 110
215 141
249 159
158 126
244 172
240 176
243 174
210 152
225 148
174 133
153 126
189 137
163 143
233 145
219 129
220 166
241 171
255 148
150 128
239 178
198 141
233 157
183 152
227 161
249 167
222 167
227 158
178 132
250 160
214 135
196 123
212 143
234 140
230 154
165 140
233 144
219 132
236 140
242 170
168 128
236 145
180 132
184 152
231 154
160 126
148 129
167 140
231 147
176 124
241 157
225 160
162 144
210 151
234 155
175 119
187 143
234 157
250 154
220 149
223 163
195 128
161 112
150 129
225 157
211 148
168 134
247 158
207 145
151 129
192 135
158 114
156 112
161 113
173 133
168 131
228 158
254 154
197 125
238 138
226 162
174 125
203 140
215 133
189 138
230 153
211 147
254 151
222 162
223 168
225 151
198 126
206 152
223 162
204 158
170 125
251 158
156 116
184 146
247 162
148 127
211 140
211 143
176 132
168 129
208 151
241 168
195 132
196 139
201 143
251 159
202 161
203 161
164 129
215 132
194 135
170 133
204 159
222 151
178 121
161 123
193 139
178 120
218 134
206 156
164 124
172 127
180 117
210 147
152 123
209 153
225 153
168 125
159 121
243 165
204 160
217 133
181 131
250 155
222 148
195 130
156 117
205 142
173 125
241 170
175 125
242 168
181 134
175 127
206 154
187 141
197 126
158 119
159 123
244 162
171 134
224 151
185 145
190 135
174 126
171 130
247 159
231 146
254 152
181 152
165 124
161 111
182 151
234 139
172 126
151 125
201 142
148 126
214 134
245 164
246 161
252 152
194 132
184 144
190 139
228 150
173 124
236 155
160 120
187 140
146 132
217 135
246 163
216 135
198 140
180 134
213 142
191 136
191 137
205 153
227 155
231 156
220 148
164 140
239 173
225 156
226 161
237 157
209 147
244 168
185 147
230 146
158 116
160 121
239 175
176 122
159 120
147 130
172 128
244 170
326 184
277 192
352 170
359 200
297 213
306 215
337 191
343 212
317 210
306 191
339 176
283 189
350 164
322 171
305 192
354 206
280 169
332 157
361 176
273 193
317 197
344 206
277 182
270 197
344 202
289 208
334 184
329 217
327 170
317 212
287 204
343 188
353 180
339 180
339 222
327 226
280 180
348 165
280 183
314 209
302 214
331 207
356 202
333 229
344 163
302 179
330 155
339 224
344 180
336 167
319 199
282 188
292 213
308 191
359 202
289 199
317 215
361 175
346 175
302 206
338 210
333 159
307 201
348 190
346 184
327 221
353 209
290 207
343 210
319 195
279 187
298 208
348 195
329 168
291 169
328 168
333 176
282 166
278 174
360 171
352 196
331 187
308 217
319 175
329 182
343 221
354 194
331 197
296 214
354 187
364 176
352 165
314 187
351 179
356 195
281 209
331 228
296 189
335 166
357 183
320 194
341 210
337 203
279 183
303 208
320 189
359 204
320 188
284 197
313 204
312 202
345 166
312 217
287 176
284 207
322 174
312 215
318 228
296 193
281 203
311 215
362 189
299 175
349 196
282 185
305 205
354 183
364 188
309 185
288 198
325 201
357 175
340 193
275 179
327 215
331 182
348 173
295 195
341 221
313 201
333 160
326 202
350 206
287 167
281 201
298 195
331 164
297 179
331 198
345 186
332 208
321 181
343 208
347 196
330 178
276 205
300 197
275 206
335 195
313 209
308 207
356 197
333 161
353 195
332 207
332 187
291 190
318 225
332 232
308 183
343 191
326 224
294 206
284 172
323 217
284 191
281 168
327 179
346 193
334 159
317 187
340 234
351 166
316 211
344 201
310 211
328 158
326 200
364 196
342 193
357 199
355 197
335 191
337 208
351 174
299 177
304 218
323 199
331 186
351 207
341 186
316 224
334 217
338 211
341 207
328 188
297 189
314 190
284 209
267 196
267 203
340 235
334 220
331 184
361 202
300 201
349 206
335 165
361 197
278 193
338 202
331 225
316 196
297 175
348 170
330 189
274 200
343 179
328 198
349 220
293 203
284 190
311 222
297 207
336 222
298 215
322 192
346 173
295 197
314 184
293 175
351 208
294 215
334 188
337 227
317 182
362 200
296 188
322 185
342 209
279 197
350 190
327 228
330 223
333 186
363 194
333 175
314 214
283 193
343 186
296 207
333 181
279 209
294 213
312 219
275 187
345 211
323 195
335 157
343 163
274 196
278 209
330 198
289 214
297 199
295 176
288 181
313 186
283 181
362 187
331 194
354 197
364 184
338 226
281 166
341 202
328 206
342 215
330 160
325 222
306 184
298 205
322 168
351 184
290 196
344 190
362 191
339 213
361 173
309 178
321 195
343 192
333 227
328 229
339 205
293 173
288 203
289 196
311 187
361 184
329 210
349 179
326 205
335 194
364 190
298 173
321 180
356 189
279 177
278 208
308 200
326 227
331 200
348 180
270 202
357 209
289 173
287 208
352 181
276 194
323 216
328 224
345 199
360 191
310 219
307 209
309 216
305 193
358 193
321 229
274 201
332 227
309 189
298 187
295 209
344 178
323 211
307 206
363 183
295 205
294 199
359 197
344 172
326 178
287 168
348 193
347 205
285 195
316 215
301 190
298 171
283 178
289 183
292 183
324 214
353 211
299 200
335 198
292 190
340 160
335 188
321 192
321 190
286 191
292 202
310 192
356 179
270 199
298 192
304 215
311 188
306 204
272 195
336 235
336 226
304 194
282 182
329 180
303 202
320 214
360 175
359 193
282 176
323 168
284 192
334 194
287 201
347 177
350 216
290 194
316 191
346 211
338 216
326 165
304 198
289 201
341 233
277 204
340 225
277 175
272 201
318 190
330 197
356 191
347 162
294 185
354 171
320 180
325 179
329 196
302 204
328 176
361 179
331 159
308 213
358 182
290 176
320 227
346 176
339 173
341 180
341 170
329 172
328 190
280 185
340 167
320 183
306 211
360 188
315 190
345 173
270 201
279 172
344 170
365 182
285 172
289 195
357 189
309 199
271 188
355 201
316 187
355 180
320 174
337 182
287 212
298 193
275 183
332 154
295 192
340 188
270 194
271 193
357 197
363 181
274 205
296 170
297 208
347 185
303 215
287 202
322 222
339 217
285 176
293 169
349 174
267 202
328 186
326 197
304 219
339 199
325 170
332 201
331 160
341 182
289 185
266 200
338 190
297 187
308 199
334 215
292 187
331 220
337 224
324 209
334 190
335 185
327 194
279 188
273 201
283 201
325 221
272 189
302 193
295 203
314 191
353 169
297 181
363 199
319 194
339 158
331 215
296 172
305 215
327 187
295 211
287 194
300 186
322 226
283 204
332 196
311 190
340 169
271 203
333 221
286 208
307 183
322 190
295 204
332 214
282 181
342 187
327 199
283 202
351 171
314 182
294 191
326 168
289 171
316 177
323 173
334 223
341 171
317 183
329 211
332 174
309 177
334 179
319 173
288 191
299 187
345 207
302 192
344 218
318 200
333 179
344 193
339 220
349 194
319 225
327 159
292 214
278 189
280 177
365 185
354 176
302 203
294 203
331 183
281 197
320 225
337 210
324 174
289 174
284 202
337 195
327 227
332 176
275 196
293 205
318 192
324 222
310 210
315 196
350 170
285 204
280 188
303 213
326 216
355 206
321 215
332 183
328 164
328 194
355 193
349 217
304 220
333 174
335 217
279 174
283 180
305 195
340 222
356 206
352 193
330 173
302 181
311 203
310 208
312 198
329 209
301 203
282 169
340 175
339 204
331 181
328 218
286 209
334 183
266 202
319 222
343 223
333 180
304 203
273 192
358 185
292 212
357 202
357 185
286 188
343 220
283 200
322 193
339 200
338 188
358 197
353 206
311 198
330 232
333 193
299 206
318 219
319 191
312 220
279 210
290 201
338 207
352 169
293 187
357 198
331 219
342 198
310 186
345 202
293 212
342 176
303 217
313 187
322 221
277 199
322 219
307 220
309 204
328 182
320 229
303 201
359 188
286 167
332 218
350 175
334 201
351 177
317 217
278 172
325 199
288 177
288 171
339 223
301 212
283 188
342 168
335 196
296 181
346 216
362 177
329 169
331 231
342 190
319 197
322 199
314 212
339 166
324 206
300 178
336 158
329 231
302 174
299 205
315 206
280 168
311 204
344 198
342 207
359 187
313 188
317 196
351 181
347 210
283 184
362 185
345 179
345 180
319 179
356 190
348 222
355 191
296 180
336 187
300 190
320 201
344 195
345 214
299 181
275 185
364 177
329 155
292 207
321 216
332 205
279 182
309 219
324 183
353 188
283 192
364 187
323 174
332 184
327 191
319 209
334 212
336 198
339 208
341 194
301 206
349 208
330 195
268 203
349 181
350 207
361 174
283 174
297 214
324 221
294 182
357 173
334 176
284 177
298 217
349 190
321 193
315 216
340 185
279 202
300 187
350 176
324 196
350 209
344 165
278 195
293 194
281 173
317 205
358 201
303 209
305 177
329 194
315 180
322 180
289 179
342 216
312 216
299 213
354 181
294 187
304 190
354 212
281 207
313 211
306 209
342 175
330 209
276 195
318 198
298 203
347 174
343 193
298 201
321 218
321 188
347 164
277 189
299 172
335 161
323 177
300 174
329 191
334 214
305 212
335 231
324 203
350 201
318 201
327 225
275 188
296 213
284 200
342 167
308 222
328 179
294 204
348 215
309 211
326 176
298 185
318 188
358 187
349 212
355 202
342 165
293 208
286 186
292 206
327 203
319 201
351 194
351 205
316 216
293 191
343 231
320 179
308 182
282 205
355 171
301 214
299 214
335 219
318 176
309 202
317 199
345 181
340 231
273 194
329 158
321 208
288 182
334 182
330 185
324 171
313 190
298 211
361 172
333 203
328 231
344 192
316 192
286 171
330 164
354 174
342 212
294 208
335 225
314 205
272 192
290 200
331 154
335 230
348 199
356 192
328 173
353 174
302 216
315 213
302 173
319 218
324 163
353 175
307 197
342 189
291 205
360 203
328 216
336 197
280 192
330 205
360 183
287 182
351 193
311 191
316 225
343 171
332 197
339 177
285 167
338 164
339 210
297 212
341 176
289 180
316 182
336 174
327 201
337 211
317 198
326 196
291 210
302 201
337 170
331 156
285 185
287 210
304 201
362 188
307 202
351 198
323 172
282 194
309 198
322 181
350 213
332 225
329 192
325 217
337 196
287 186
335 169
329 200
343 177
300 203
329 179
293 211
353 198
346 172
309 200
325 175
320 197
352 207
314 180
305 180
349 218
348 164
344 209
274 198
350 173
320 208
339 182
344 179
364 182
355 185
325 184
272 190
312 185
317 186
303 204
316 212
327 210
357 184
335 207
349 200
338 236
321 205
327 198
300 183
298 174
314 215
297 206
337 220
292 175
341 217
350 184
346 181
340 230
285 180
357 203
337 213
304 192
285 200
341 219
293 178
333 199
333 184
348 187
332 192
291 173
291 178
277 201
323 218
280 210
348 175
286 211
317 214
329 170
307 182
343 182
319 223
325 185
326 123
318 132
332 115
371 149
350 132
351 138
310 140
347 136
304 161
354 143
338 120
366 143
364 148
331 125
371 140
362 139
322 111
320 131
329 124
329 116
368 143
344 132
322 132
368 145
310 144
315 125
317 150
364 160
352 149
296 160
308 143
314 123
348 136
342 132
370 145
301 163
324 115
358 145
326 111
355 142
318 112
310 138
355 141
328 129
312 157
318 121
350 144
319 124
366 145
341 131
317 120
330 120
361 143
328 112
355 129
316 144
326 115
353 140
324 113
364 155
364 141
312 139
327 132
336 124
370 134
314 154
360 146
362 159
366 154
311 144
359 147
309 162
301 158
314 150
355 128
358 125
365 155
321 120
368 147
365 134
366 149
332 116
312 155
352 140
327 109
368 141
315 152
361 150
323 113
308 163
305 152
315 122
353 129
326 127
300 160
329 129
308 160
332 118
348 132
324 109
362 146
362 148
317 117
366 138
330 123
332 117
328 110
354 141
357 149
324 125
343 129
321 119
365 145
325 126
372 142
365 142
327 121
335 128
348 133
308 142
354 124
351 147
364 143
363 161
345 134
319 117
346 139
375 138
349 134
364 158
371 137
314 147
353 144
356 152
317 124
372 145
318 130
329 121
300 163
305 160
371 139
303 163
365 143
345 143
362 153
367 148
375 137
324 132
301 156
302 158
348 134
355 143
336 121
345 135
307 142
329 130
321 112
353 149
349 147
300 159
348 138
308 139
318 133
355 126
366 152
314 153
350 141
335 123
344 133
354 129
367 135
327 115
324 129
325 120
302 151
334 120
354 145
296 159
329 120
300 152
349 146
336 122
309 161
324 122
330 112
319 129
361 146
366 148
320 115
356 148
303 153
316 143
319 147
317 143
367 151
344 134
321 126
324 128
356 149
302 152
310 159
325 123
341 129
327 119
364 154
312 138
317 118
303 165
299 159
358 126
311 138
328 116
298 159
311 139
332 130
365 157
322 118
314 124
330 125
314 146
336 119
354 149
317 115
315 119
354 128
306 165
319 125
326 124
354 144
323 129
352 146
325 129
331 116
353 141
344 130
324 131
308 141
348 146
329 126
326 117
369 138
371 136
317 145
368 148
374 138
375 142
329 112
311 140
328 109
361 149
348 144
324 119
314 121
344 143
357 145
330 128
343 132
320 126
316 138
322 130
368 146
331 120
327 122
343 131
314 117
355 125
233 48
493 151
434 135
173 42
254 96
557 57
552 61
256 78
495 89
480 118
239 86
194 67
188 31
158 49
171 25
561 54
212 54
452 128
266 59
560 122
509 128
548 36
261 97
275 108
480 115
159 34
535 28
551 39
245 70
184 29
470 154
173 58
545 71
514 123
519 81
566 66
235 84
479 117
159 14
255 78
437 128
267 80
231 46
557 119
451 148
289 96
225 60
519 109
523 46
433 133
207 35
449 107
181 28
290 79
502 78
519 98
518 81
545 42
276 72
445 140
171 21
171 43
539 78
214 72
561 51
240 51
483 138
230 47
461 90
529 65
263 80
461 152
172 58
518 55
511 64
265 64
492 126
542 78
531 34
460 88
452 132
270 89
261 63
500 111
461 88
541 46
247 55
473 99
231 45
174 55
259 79
211 56
540 79
452 129
278 74
478 89
159 13
247 57
556 87
175 59
248 56
160 54
542 47
255 77
518 80
170 39
269 85
245 55
257 97
474 155
538 29
480 146
168 36
515 85
525 42
178 59
453 128
519 111
519 115
176 56
558 83
168 21
542 72
216 73
497 114
481 157
274 105
180 25
174 39
192 48
160 50
533 33
497 113
278 73
545 68
230 62
161 33
533 31
462 84
206 36
471 127
163 38
519 113
162 34
536 31
539 54
559 50
559 112
205 53
252 75
475 152
477 154
514 86
557 45
178 41
457 124
286 94
218 76
486 105
192 65
498 146
280 90
483 142
535 84
532 33
558 47
249 92
219 40
165 55
237 84
565 62
465 140
251 59
174 41
206 53
552 60
480 91
178 61
535 57
259 62
168 42
431 133
480 149
465 141
538 25
279 109
154 34
546 69
266 62
525 102
465 83
526 70
499 145
451 133
485 134
516 118
479 145
174 44
163 36
152 51
168 59
242 89
530 36
166 40
265 85
489 157
201 70
205 36
203 69
562 123
217 76
258 98
159 19
203 35
164 37
174 60
531 104
176 62
177 60
546 40
561 53
477 120
565 69
169 41
534 34
536 33
473 154
297 96
278 89
504 103
442 118
471 100
166 37
453 148
282 75
555 53
234 65
173 54
200 50
475 93
239 50
495 148
152 46
181 46
480 117
260 63
528 103
173 55
527 41
158 20
555 88
158 15
441 142
495 117
272 70
264 64
160 16
260 80
217 57
540 75
538 79
253 92
231 63
476 123
264 67
163 53
185 64
480 89
505 74
269 67
472 129
507 70
232 83
245 54
438 125
496 90
547 71
441 117
454 123
185 45
251 58
244 69
491 126
532 35
275 88
148 49
562 73
223 78
519 79
258 95
160 33
563 73
463 143
554 90
529 94
157 49
272 69
563 74
461 85
452 126
560 121
503 80
524 73
461 144
542 75
202 50
458 151
479 144
212 56
166 17
159 33
149 48
519 82
536 34
506 132
211 54
544 29
193 31
518 118
162 20
453 125
286 78
537 53
167 55
547 67
293 104
168 22
492 155
261 79
497 88
533 91
524 91
528 65
515 62
556 53
514 119
548 35
541 80
166 56
203 32
162 18
197 32
185 28
217 39
536 84
269 68
285 94
274 88
535 34
161 50
298 94
292 98
534 97
551 65
287 113
293 100
167 18
512 61
530 63
553 117
460 91
223 59
555 58
558 80
167 41
164 53
211 39
169 21
197 46
547 36
263 67
179 58
523 74
555 81
229 45
161 18
212 39
500 141
236 85
243 87
170 57
541 48
451 129
554 87
473 127
205 71
270 105
168 19
539 79
168 52
459 146
150 44
267 81
199 41
218 40
558 121
165 57
481 141
211 38
473 126
294 102
455 127
453 99
272 105
281 75
554 40
519 116
187 29
163 37
169 42
151 45
523 77
467 109
297 97
168 58
213 55
200 51
250 92
166 52
559 121
289 79
223 42
229 64
228 63
518 56
241 86
191 47
172 39
546 100
463 82
283 112
169 40
184 28
539 27
431 130
155 50
164 35
534 30
470 99
552 63
276 88
221 59
524 75
548 66
160 37
286 114
154 48
558 81
566 69
482 112
219 42
440 119
494 91
566 72
551 63
267 84
230 83
175 40
145 46
476 96
534 88
278 106
547 114
564 60
236 49
265 86
214 57
522 112
436 126
479 151
147 48
556 111
541 79
504 76
281 111
549 66
238 67
452 133
531 95
531 63
471 98
262 81
534 29
555 82
177 45
460 151
542 76
255 94
247 56
434 133
283 74
435 125
517 52
240 68
283 110
179 62
195 50
170 59
487 130
475 124
559 76
185 62
506 100
540 77
560 75
297 84
276 87
461 87
263 65
566 71
502 79
554 58
496 147
543 47
282 110
181 27
524 90
557 51
224 43
164 36
487 104
553 57
196 66
254 76
549 65
521 77
515 122
210 70
277 74
447 139
280 108
265 63
148 42
243 86
204 53
494 120
284 92
272 84
164 51
539 80
558 57
267 85
150 45
187 64
210 38
183 61
546 99
186 65
450 135
491 96
456 150
196 49
215 75
484 139
511 127
248 89
446 110
442 140
521 80
272 103
196 68
465 153
167 16
172 43
562 122
464 81
180 27
446 143
553 85
469 105
225 77
555 110
559 77
167 37
494 121
502 106
229 80
536 27
555 119
506 130
491 97
282 76
466 108
521 111
551 37
526 71
297 85
284 111
477 150
477 152
526 102
432 134
543 48
549 96
156 32
437 125
192 66
542 43
201 51
264 85
552 108
536 26
436 128
161 35
280 74
510 70
240 52
190 48
181 44
549 97
520 99
177 56
538 30
265 84
184 62
470 100
255 95
515 116
506 101
188 64
146 44
540 81
489 130
156 36
516 86
196 67
181 45
158 50
189 31
443 112
468 134
516 84
175 63
163 19
216 56
210 73
165 51
162 14
228 79
300 92
161 54
271 103
543 111
466 154
541 75
149 43
461 151
159 51
539 81
218 58
259 98
518 115
496 89
206 37
466 134
440 117
492 123
545 74
503 105
498 147
553 39
543 77
560 52
162 17
515 87
147 45
200 67
290 81
468 104
549 93
179 61
517 83
236 84
517 116
540 101
479 157
495 121
205 54
518 82
547 39
546 31
201 37
445 142
536 87
158 34
230 46
550 36
445 137
247 73
468 106
481 113
530 65
504 80
227 62
250 91
465 82
215 73
484 109
448 109
238 51
506 90
184 27
203 33
525 44
443 140
556 55
531 62
263 100
258 79
469 104
547 69
437 126
276 90
202 69
295 81
537 86
545 72
190 64
547 97
477 147
500 140
200 35
532 92
566 64
163 39
482 111
155 30
546 113
546 30
242 88
538 31
240 50
245 72
506 133
517 56
540 80
372 160
423 100
493 81
435 213
477 35
351 23
257 156
337 135
349 28
439 210
184 118
429 225
181 125
439 208
323 152
259 154
315 167
493 80
434 90
432 21
318 158
325 147
399 30
434 92
440 209
181 124
165 114
428 28
210 159
424 98
425 231
379 144
238 150
436 214
394 33
400 31
315 163
315 166
482 27
447 196
322 151
450 193
477 38
320 155
373 159
394 34
426 228
202 126
435 45
433 50
482 32
324 152
258 156
184 119
428 225
437 215
223 134
338 135
223 136
483 27
438 213
348 28
448 193
440 12
438 210
475 39
433 94
326 148
380 148
480 35
394 32
312 169
373 156
322 150
433 49
332 137
183 122
382 143
436 15
342 121
421 99
221 141
175 137
432 24
183 120
432 219
452 191
434 89
477 40
338 47
193 146
437 49
430 28
231 164
337 47
436 45
393 37
382 145
318 161
230 166
343 122
447 194
432 25
484 26
336 48
451 190
317 164
435 16
435 15
394 37
348 31
422 99
453 185
373 155
316 160
452 188
209 163
338 45
226 170
213 156
370 159
422 98
440 208
379 147
434 93
436 48
164 114
434 97
239 148
318 160
241 144
430 26
323 153
478 37
438 11
317 158
222 140
371 160
437 17
439 10
476 38
326 62
201 128
199 132
450 191
372 158
481 34
372 156
343 121
330 138
343 124
203 127
483 29
317 161
173 140
426 99
220 141
436 95
381 141
347 29
425 100
333 136
436 215
435 94
397 31
432 220
172 142
436 93
227 170
455 184
480 29
440 207
390 35
492 82
193 145
203 126
436 94
479 33
396 32
437 211
429 222
181 123
429 224
435 46
189 153
431 24
224 135
437 213
433 19
