69 98
66 97
71 101
72 97
72 101
70 99
72 98
67 99
68 98
70 97
70 96
68 99
71 96
70 101
67 98
68 97
72 95
73 98
72 100
72 96
71 99
65 97
69 97
54 100
66 41
19 6
33 42
45 96
40 36
41 36
77 89
87 80
26 20
42 95
33 59
20 23
43 54
63 42
49 62
51 98
74 77
47 70
22 21
53 97
78 80
26 9
45 95
78 84
78 86
32 47
35 30
51 105
33 40
82 73
23 12
17 9
56 96
22 8
47 69
85 75
35 54
47 64
43 96
20 11
57 105
88 79
49 61
24 5
75 77
58 97
91 82
23 22
73 90
50 105
81 87
75 78
31 40
48 104
47 100
22 13
42 40
41 39
49 69
90 80
55 97
36 28
30 40
33 41
44 104
36 26
36 32
35 51
59 98
40 52
65 38
18 19
69 43
31 55
49 103
68 41
48 59
44 100
40 44
18 18
35 55
76 83
50 101
89 80
84 73
18 16
60 105
59 96
25 20
87 79
67 37
17 7
46 95
31 46
37 41
65 46
43 97
33 43
33 37
34 37
37 54
30 59
49 59
32 57
46 96
73 80
82 76
24 17
38 37
37 51
32 49
36 37
25 11
40 54
30 39
46 67
79 80
67 41
33 50
42 68
46 54
86 82
58 104
73 84
30 49
40 40
30 30
78 73
19 10
36 30
34 52
90 82
90 77
33 39
42 34
41 65
38 52
67 42
43 37
39 41
77 75
38 48
53 98
66 46
79 77
64 44
44 54
62 106
51 106
82 80
42 59
88 77
52 101
54 101
42 103
19 14
67 43
60 98
44 99
36 58
42 97
46 62
25 7
44 41
78 82
47 59
85 73
46 97
43 44
34 38
30 52
19 7
31 54
38 57
64 39
44 45
40 55
30 57
31 47
26 15
17 5
31 48
73 86
32 34
78 87
88 74
49 104
43 35
76 80
64 104
42 60
22 12
91 75
41 43
59 105
38 51
41 29
74 86
76 90
31 41
61 100
64 46
80 89
61 105
36 56
21 14
37 43
39 38
47 97
44 62
41 106
40 103
21 15
21 7
30 37
54 106
35 44
25 17
90 79
48 62
19 5
30 34
38 44
34 30
23 17
91 80
22 23
60 97
81 84
91 79
86 81
52 106
34 29
43 106
75 79
86 78
37 53
67 45
21 9
30 48
42 32
31 37
63 106
50 68
40 51
53 104
44 103
23 15
52 68
91 73
75 90
38 29
49 100
86 76
33 30
20 8
32 32
46 57
38 43
43 99
41 100
41 59
34 34
18 17
54 99
73 89
24 8
49 60
43 40
33 55
79 81
32 37
56 103
37 36
77 93
22 19
41 58
37 40
92 75
62 97
18 13
32 53
43 95
42 48
36 47
32 29
46 56
79 76
34 44
41 62
44 40
76 86
84 81
33 26
34 41
40 46
30 41
42 61
77 78
50 106
33 32
31 30
31 33
39 36
46 59
79 73
54 98
42 106
58 103
26 8
37 31
48 99
82 78
63 43
22 10
63 103
86 80
57 95
45 61
17 8
83 80
24 19
73 75
41 55
21 13
50 67
31 51
42 101
23 19
19 15
77 90
21 12
42 45
43 103
75 92
39 45
39 30
58 96
42 57
38 59
74 91
81 79
35 36
61 98
51 104
48 69
53 101
41 68
33 58
77 81
44 52
64 43
55 96
73 85
74 75
80 82
38 38
33 54
31 35
58 98
34 28
41 60
80 88
37 28
46 105
44 43
26 6
18 10
50 65
80 81
36 36
66 38
50 100
40 57
21 20
18 6
60 95
69 41
74 82
35 31
49 65
64 37
43 68
70 45
35 35
54 96
21 10
79 78
34 32
35 26
55 103
42 56
78 83
39 58
47 54
56 101
43 47
81 90
31 49
31 50
64 41
63 46
21 22
33 57
74 85
43 55
46 65
56 99
58 105
92 80
21 16
53 103
44 98
38 58
31 45
22 20
48 70
37 34
36 54
76 73
47 61
81 82
18 14
19 16
39 49
21 11
75 87
45 57
78 92
32 27
32 40
65 39
42 55
45 105
40 58
54 95
54 97
63 37
37 58
30 47
47 68
26 5
84 75
52 103
42 39
35 37
36 46
40 101
33 53
26 18
89 73
20 19
81 73
74 88
55 100
49 96
64 42
30 38
39 50
79 75
50 104
86 74
76 88
77 91
26 12
50 99
42 98
70 43
79 83
21 19
34 35
63 105
59 104
55 99
52 104
39 26
21 23
36 43
92 82
39 59
87 76
63 45
54 105
36 34
81 83
77 88
89 79
64 45
81 85
46 103
68 42
37 56
32 31
43 53
73 83
32 30
90 78
22 5
44 59
90 74
87 75
63 40
38 45
31 59
66 45
57 100
22 17
62 101
40 105
18 5
68 46
36 45
37 30
58 100
79 87
44 39
39 28
46 69
22 14
90 75
44 95
35 41
80 73
42 104
67 40
80 85
21 6
40 41
34 46
65 37
41 46
36 59
52 105
50 98
46 66
19 12
83 76
37 57
34 33
40 32
24 14
48 66
35 57
37 49
45 97
86 73
82 77
88 78
76 81
91 76
23 21
31 52
32 28
74 79
77 79
48 64
41 34
73 74
73 73
30 33
74 81
30 29
35 42
41 33
44 60
50 69
30 51
39 33
42 47
62 104
17 11
32 42
48 98
43 60
42 54
40 49
44 64
49 106
90 81
22 22
42 31
20 21
34 36
57 103
44 106
44 57
33 28
51 100
23 18
74 74
69 44
43 59
39 35
21 17
47 57
84 76
56 106
20 18
56 100
78 78
21 5
17 10
20 13
78 81
43 105
38 54
36 55
38 47
49 95
26 14
74 84
41 47
51 68
60 101
44 42
42 53
33 52
42 96
35 53
35 28
45 106
48 97
85 77
43 69
34 56
85 79
40 34
55 95
39 55
35 33
41 61
25 18
43 58
32 50
39 48
65 41
67 39
77 82
42 99
44 46
44 67
83 81
33 46
49 68
32 41
58 95
44 44
36 49
73 87
46 101
31 31
75 86
25 16
33 51
38 49
88 76
92 76
89 77
61 95
23 5
19 18
76 84
47 56
30 31
40 26
39 29
43 65
81 78
24 18
38 39
55 104
65 45
51 66
37 33
43 50
78 74
43 66
40 56
41 104
37 52
33 29
66 40
37 27
44 48
69 45
83 82
82 82
30 28
45 62
61 97
31 53
40 33
89 74
43 62
49 70
68 44
42 41
92 74
70 40
24 21
22 6
30 55
41 49
78 85
39 57
46 61
45 50
51 67
24 13
44 70
85 74
63 38
43 56
5 0
3 11
61 13
64 10
130 40
5 5
59 3
31 16
69 16
9 23
5 13
15 22
68 3
14 19
127 44
128 40
127 38
16 23
4 9
32 16
131 42
69 15
66 9
2 0
70 20
68 11
34 18
0 11
134 43
15 18
32 18
14 22
61 14
128 35
4 15
130 22
4 11
4 3
128 41
1 1
132 25
9 20
64 14
126 43
0 21
127 41
128 32
61 9
15 21
31 21
63 13
9 21
6 22
0 16
131 40
63 20
14 16
132 32
130 26
134 24
59 19
66 15
130 21
131 34
6 12
131 46
126 20
11 17
31 23
1 11
2 5
3 20
14 18
4 2
128 42
132 20
68 10
65 10
32 22
62 5
68 5
128 39
30 19
126 27
1 4
132 35
5 11
134 30
3 16
67 5
33 19
3 10
68 20
64 13
133 17
10 15
67 4
132 21
0 7
33 18
66 10
62 7
30 9
126 42
70 3
131 36
134 22
133 23
63 10
7 9
130 34
131 37
2 13
34 19
130 30
1 17
128 29
33 17
129 29
6 8
127 46
31 10
131 30
132 46
132 26
129 32
63 7
134 23
32 19
38 23
128 26
133 31
130 25
66 5
132 17
1 18
65 14
33 13
30 15
132 19
128 45
34 22
3 19
64 12
66 3
133 44
61 10
12 22
127 35
67 13
134 33
126 34
130 27
126 17
65 9
35 17
12 20
2 10
132 45
31 17
69 3
134 17
131 43
31 14
66 18
63 6
133 41
134 46
6 2
13 18
30 20
126 31
9 7
128 23
127 22
1 7
9 18
0 22
127 25
133 32
3 3
129 18
33 20
64 15
61 3
0 18
131 31
32 21
31 20
129 36
128 24
132 29
133 26
127 32
65 12
6 17
13 14
11 14
70 8
1 6
132 24
62 10
4 14
65 3
128 19
130 39
70 11
68 13
12 18
62 9
70 18
1 15
68 7
0 8
127 42
4 6
6 3
15 17
126 37
61 12
70 14
127 26
69 11
64 3
126 29
3 21
127 18
63 17
66 11
6 23
2 12
127 21
62 12
126 26
133 20
7 23
127 36
30 12
131 21
36 19
131 41
10 19
134 35
1 23
126 30
60 12
11 18
133 46
132 27
2 2
67 3
2 1
134 41
59 16
6 7
126 28
37 23
4 1
66 7
132 42
61 7
2 6
3 4
134 27
70 10
133 21
126 25
59 14
36 20
14 15
132 18
31 18
130 28
11 16
1 14
12 23
65 5
131 26
33 22
70 17
67 15
31 9
69 8
12 17
134 36
70 7
6 13
6 21
8 16
131 22
4 10
5 10
129 41
131 27
130 44
13 16
13 20
59 11
7 16
4 13
7 6
129 35
2 16
65 7
15 19
131 29
9 15
0 23
4 8
67 14
63 5
59 20
133 35
8 10
2 7
61 6
129 44
126 40
67 18
1 13
62 17
128 33
59 12
59 17
128 43
0 2
132 40
130 29
0 3
9 19
3 7
36 21
64 8
17 21
63 18
7 4
7 12
66 8
60 17
128 31
133 40
127 39
68 16
132 34
129 26
7 5
2 14
1 3
30 10
69 10
32 14
5 21
66 6
129 23
134 38
32 13
9 8
5 1
8 7
35 20
128 36
70 4
126 23
131 28
62 19
70 13
63 12
60 14
132 38
15 23
0 0
6 9
0 14
67 11
67 6
36 22
132 31
4 20
4 4
32 23
2 22
133 43
7 3
126 44
126 19
2 15
126 38
5 23
130 45
64 4
34 23
13 21
35 22
131 20
6 18
8 17
63 15
133 33
5 9
30 22
132 36
14 17
126 24
129 34
66 17
68 18
69 17
128 25
127 19
127 43
62 13
134 31
127 31
59 13
128 27
40 9
33 8
48 14
47 12
49 21
36 6
34 10
48 22
35 6
43 19
47 20
35 12
36 12
47 7
36 10
47 23
37 5
38 10
49 22
46 11
39 13
35 10
40 11
38 16
47 8
42 13
44 15
37 12
35 5
45 14
45 12
40 15
38 8
47 21
33 7
36 11
36 9
43 14
48 15
33 6
39 9
47 9
42 11
43 9
37 11
44 12
49 11
37 13
35 7
49 12
49 15
44 13
44 23
45 11
49 9
36 13
45 7
43 15
38 13
43 20
40 6
40 10
49 13
47 11
44 22
45 8
34 3
40 7
47 22
46 18
35 11
34 4
48 7
47 15
47 19
37 6
47 10
44 7
38 4
42 12
46 22
35 13
39 5
36 7
38 12
33 9
39 16
36 4
39 6
45 21
33 3
38 11
48 20
45 18
36 14
44 16
32 5
45 19
35 3
45 9
38 5
49 7
44 19
43 18
48 16
42 14
36 5
44 17
39 4
42 8
35 8
45 10
33 5
43 7
46 17
43 22
41 14
43 8
75 2
117 54
74 15
80 17
77 10
123 50
83 17
73 113
86 3
124 55
80 9
116 54
126 54
118 52
86 13
83 18
77 5
84 18
80 11
85 10
77 3
117 49
85 15
76 21
78 6
117 48
73 2
82 10
77 18
75 10
79 116
80 116
84 10
84 15
79 1
74 9
71 115
81 1
78 115
79 114
119 54
75 114
81 11
120 48
82 7
8 25
80 20
86 17
73 20
12 25
125 54
73 13
120 54
78 4
83 2
82 8
78 116
74 115
85 12
79 22
74 20
78 19
81 3
82 14
76 7
84 8
78 16
78 10
74 12
81 6
116 48
7 26
84 9
85 11
12 26
81 21
84 7
81 16
83 7
6 26
84 12
121 52
126 55
80 4
76 17
68 114
123 48
68 115
13 25
72 115
67 115
74 113
78 17
85 14
119 51
77 8
77 1
75 5
75 17
87 12
75 8
74 116
75 19
123 55
123 52
78 5
116 52
70 113
76 19
126 49
80 112
80 6
81 17
126 51
69 115
80 115
73 114
73 1
69 114
124 53
82 13
86 12
86 16
83 19
75 4
121 49
76 116
83 14
76 5
84 5
73 16
82 17
76 113
124 54
82 4
79 4
83 9
85 2
68 113
122 53
84 2
125 49
78 14
73 17
87 3
118 55
122 52
80 5
77 22
81 14
85 20
75 21
79 15
10 25
82 16
79 19
80 7
75 16
74 19
124 49
11 25
77 6
76 3
79 18
77 16
121 48
120 53
74 3
78 113
116 55
75 3
79 13
75 116
75 11
78 21
77 9
121 53
77 113
124 52
83 5
86 9
87 8
81 9
83 13
83 20
9 26
126 52
9 25
125 50
69 116
116 50
78 9
74 2
78 8
6 25
123 54
77 17
86 14
77 11
79 21
72 114
86 5
85 1
73 5
84 17
87 17
87 5
80 13
80 15
87 14
77 7
123 51
74 7
118 48
67 116
74 1
117 52
81 13
119 55
84 16
118 50
73 12
81 5
81 18
74 6
117 50
11 26
76 8
77 21
73 3
71 114
82 1
74 8
77 15
80 18
76 22
78 11
72 113
85 5
82 3
87 2
111 69
55 26
109 57
52 27
102 69
99 69
114 66
114 64
63 30
71 29
106 61
48 33
63 31
101 78
101 93
95 80
113 61
67 30
100 82
98 61
57 30
113 67
106 91
45 30
103 62
104 73
103 92
98 74
54 32
99 61
96 80
101 89
45 26
114 60
104 58
101 67
53 30
57 31
100 57
112 69
104 75
71 34
105 89
99 87
48 35
107 63
102 65
114 61
55 28
107 74
110 73
100 68
96 79
63 29
63 34
105 93
101 85
68 32
100 92
105 74
49 35
99 57
56 32
102 90
53 29
64 31
101 90
52 26
105 57
105 79
106 69
100 59
112 91
62 35
99 92
55 31
50 30
104 93
53 26
68 33
110 93
102 81
69 32
108 70
46 32
101 73
55 32
99 84
111 93
110 58
107 73
108 74
52 28
114 58
61 29
101 91
63 35
47 33
98 81
112 61
102 77
105 90
100 87
51 32
106 68
56 29
111 66
68 31
100 74
98 82
70 30
66 28
95 73
106 57
105 70
102 73
112 70
110 69
106 63
109 75
109 62
52 30
50 27
99 90
49 27
62 31
54 30
108 69
101 68
102 57
111 60
98 68
47 32
52 31
98 77
96 76
110 92
104 91
59 31
47 31
96 73
98 78
63 33
103 68
107 68
46 29
106 59
108 65
109 73
102 60
110 61
68 28
110 59
107 60
105 62
49 26
106 93
53 32
104 57
109 59
98 75
105 81
107 58
105 58
102 91
101 69
70 29
107 59
49 30
71 26
62 33
62 32
63 26
44 29
50 34
71 35
60 29
101 66
101 83
61 35
104 69
102 63
111 67
100 85
67 27
49 32
106 67
56 33
99 74
51 28
107 75
97 74
50 28
69 34
99 70
59 32
98 65
58 27
65 31
105 67
113 58
55 29
113 59
106 77
105 80
108 62
100 93
46 31
97 76
113 69
61 28
100 80
53 27
105 78
99 82
54 34
100 90
52 29
109 69
48 34
105 66
58 29
45 29
104 78
50 26
108 75
111 74
113 63
101 76
53 34
56 30
98 58
112 62
105 91
101 64
104 59
102 66
46 28
104 90
103 75
105 75
106 65
100 81
106 58
103 57
114 65
99 81
57 26
55 35
59 30
103 89
104 63
102 58
53 33
111 65
51 30
95 82
109 58
106 90
103 78
103 65
112 92
107 62
68 27
107 67
114 63
47 30
98 60
102 88
104 77
99 67
100 76
52 34
103 58
113 68
108 58
111 68
56 28
104 70
103 91
61 34
108 63
108 93
106 89
60 35
106 74
58 28
96 82
70 35
61 27
106 75
54 28
107 92
103 74
107 89
105 63
104 81
69 28
110 91
101 58
95 74
100 88
98 80
56 27
99 78
110 57
104 68
54 35
106 66
110 65
49 31
103 67
65 35
57 33
65 34
112 68
109 70
100 77
70 32
106 70
50 33
103 80
59 33
58 35
59 27
70 33
105 68
110 63
114 67
111 59
105 69
113 70
104 67
64 28
70 31
112 65
112 89
112 73
108 91
99 80
98 66
45 27
100 75
99 63
53 35
108 89
67 35
67 33
64 32
60 32
63 27
69 29
104 76
111 91
108 67
102 93
64 34
97 78
113 64
96 74
97 73
107 70
102 89
109 60
105 65
72 110
76 108
78 108
77 111
73 109
76 110
78 110
78 111
73 111
76 109
77 110
75 110
73 110
72 109
34 132
48 127
42 136
43 135
49 132
40 135
49 128
49 138
53 128
43 132
57 123
45 125
58 138
43 129
44 129
57 125
54 126
58 127
44 131
41 138
41 135
43 128
55 136
50 133
50 139
49 139
50 123
45 124
38 123
50 122
34 128
46 138
45 132
59 131
48 121
54 133
37 138
42 130
39 124
56 137
56 130
48 126
43 123
52 124
59 127
48 134
35 133
39 136
59 124
37 133
35 129
36 125
36 126
56 133
59 138
42 126
54 128
44 127
38 137
58 128
36 132
40 124
35 135
56 122
40 127
47 125
34 129
35 131
44 137
37 136
46 131
52 132
49 134
58 131
46 136
43 122
50 125
44 130
36 138
35 134
47 131
57 134
44 133
36 136
34 125
54 135
47 124
48 137
51 136
56 127
57 131
41 123
59 132
47 135
53 137
39 132
58 129
47 123
44 123
39 137
36 131
37 132
38 131
34 131
39 131
56 121
39 135
56 136
41 132
42 131
55 138
52 129
41 133
48 139
53 136
38 136
53 132
41 137
49 127
34 127
45 137
47 126
50 129
38 134
42 128
58 121
42 127
59 123
56 134
37 130
42 123
59 133
48 135
59 122
37 129
52 131
34 130
59 135
41 129
36 130
53 135
45 127
38 125
49 131
59 129
41 122
57 124
42 134
48 138
53 126
40 131
48 125
40 123
55 139
49 130
45 122
49 133
51 121
53 138
47 130
58 136
40 136
52 134
45 130
50 138
47 129
43 133
45 128
51 130
39 123
51 122
41 124
38 121
56 124
49 136
47 128
53 125
45 138
39 129
45 129
37 122
53 123
55 126
45 126
46 124
38 130
54 132
37 134
40 137
54 129
59 121
51 132
55 125
36 128
55 135
46 121
41 139
44 139
54 122
51 124
42 129
50 131
44 138
38 138
57 129
46 135
38 127
52 130
51 133
58 135
38 128
40 134
51 135
43 127
48 124
43 137
54 131
53 122
46 134
58 134
51 123
51 137
36 124
58 139
57 127
53 127
57 139
48 131
37 131
45 123
39 127
38 133
55 133
55 137
49 137
54 124
50 127
51 139
44 136
61 22
69 22
68 22
63 22
65 22
66 22
70 23
67 23
66 23
67 22
50 78
48 88
61 85
64 80
48 78
43 85
57 90
46 87
50 110
58 82
47 74
54 91
66 84
66 89
61 91
138 33
63 91
41 108
59 73
48 110
46 88
55 82
40 92
41 80
56 80
41 81
141 32
59 83
51 83
68 93
57 87
6 32
48 79
41 73
51 82
68 89
42 91
61 109
141 37
9 30
62 85
46 90
36 91
57 92
49 109
140 34
39 76
52 78
41 76
49 87
37 85
35 81
54 89
39 74
44 79
29 74
46 93
50 82
65 89
52 108
56 87
39 79
138 40
31 74
35 85
52 75
15 32
37 75
62 75
30 75
48 92
58 89
138 45
141 33
64 81
65 87
60 82
11 31
44 89
43 84
138 42
140 45
53 92
10 29
62 91
31 82
44 92
55 76
53 79
54 78
50 74
40 86
51 110
42 82
56 81
141 28
38 92
46 109
60 84
38 84
39 81
66 83
50 79
41 77
65 90
35 91
54 110
41 109
50 93
43 82
46 84
40 109
61 90
56 85
39 78
47 75
32 92
50 84
69 89
141 34
46 83
40 73
66 91
42 90
61 88
41 92
137 31
39 87
60 89
63 78
43 73
53 81
44 77
58 87
62 79
60 78
30 85
55 91
59 82
47 109
51 77
138 43
40 85
139 45
42 109
34 89
35 83
34 90
48 81
60 91
140 38
59 108
66 90
41 88
37 82
55 109
36 89
40 88
61 80
34 86
8 28
42 87
46 89
59 84
62 81
9 32
43 81
51 76
41 84
36 85
142 29
38 90
34 73
33 75
137 41
29 76
8 30
35 93
38 81
59 86
32 85
137 45
56 93
58 79
39 82
41 89
45 84
45 108
59 87
41 93
36 84
50 80
142 28
71 92
60 77
53 73
39 80
56 77
140 33
41 79
138 39
37 81
33 86
54 85
47 79
57 108
41 85
139 46
53 85
47 76
50 85
61 92
62 88
50 89
59 109
63 82
29 82
40 91
52 84
32 84
7 33
12 31
51 87
11 28
63 89
47 85
59 81
48 85
67 88
53 108
51 75
63 77
49 81
53 74
61 78
139 34
51 79
41 74
69 91
139 44
57 80
54 73
47 87
137 46
139 37
46 91
52 79
42 108
141 46
68 91
45 109
51 74
64 86
46 86
33 93
37 90
36 74
52 81
43 75
57 76
64 93
59 89
44 75
37 74
51 108
32 87
11 29
38 80
34 82
31 85
37 76
62 90
55 77
15 31
40 74
65 81
41 90
34 92
56 73
29 85
35 73
34 75
66 88
37 84
55 79
34 88
56 75
41 110
40 93
37 89
55 92
30 87
46 79
59 88
60 76
41 75
6 30
57 81
49 78
64 79
44 86
59 90
47 93
39 85
64 84
46 74
46 108
64 88
57 82
48 77
11 32
34 91
61 84
56 91
49 80
49 86
56 86
54 74
45 79
64 87
47 89
45 87
60 79
55 88
6 33
137 30
49 84
39 89
29 87
137 42
65 88
32 74
141 43
54 87
65 80
40 77
47 81
55 74
33 73
141 42
50 83
49 85
30 73
57 77
55 83
63 88
61 87
31 83
38 87
42 75
70 93
57 88
37 93
62 83
69 90
58 85
56 78
55 85
57 86
15 28
50 77
57 109
49 108
61 77
137 39
137 33
58 81
140 35
52 88
42 110
68 88
139 31
35 88
31 87
48 90
38 83
8 31
55 108
44 109
63 80
54 84
45 110
139 42
67 90
35 86
43 86
141 29
33 74
40 81
49 79
51 85
60 81
57 110
46 73
32 73
37 86
140 42
57 74
14 30
142 31
140 44
50 108
62 78
65 93
13 29
52 91
57 79
54 90
37 87
48 87
41 83
54 86
40 83
138 32
43 74
56 89
48 109
33 87
40 79
38 78
64 85
48 93
12 29
55 80
35 74
47 78
49 76
10 30
47 83
54 80
40 84
39 88
45 80
140 43
32 75
55 89
6 28
43 91
42 78
54 81
31 86
47 80
138 28
62 89
47 82
47 92
60 93
38 76
45 78
137 38
44 81
47 77
55 86
14 32
44 110
48 73
34 84
38 89
49 75
60 108
35 87
42 74
39 93
58 76
11 33
52 92
61 86
39 86
32 83
142 30
29 86
13 30
35 92
44 78
41 82
53 83
68 92
139 36
63 84
143 30
65 85
37 73
61 74
67 93
40 90
14 29
110 33
54 46
78 31
98 52
95 55
84 63
62 45
99 36
12 109
110 26
94 42
59 50
92 61
103 40
93 63
104 39
5 100
53 42
8 105
87 64
57 50
8 108
21 116
85 34
67 48
9 107
99 48
67 64
103 31
52 42
60 51
87 55
9 103
69 52
86 57
12 112
111 32
97 33
79 44
82 70
98 28
20 117
89 63
79 62
85 68
99 45
95 38
51 41
84 35
51 42
63 62
109 27
80 57
95 31
84 41
89 50
77 30
62 59
10 97
101 35
8 115
114 54
91 52
112 43
10 102
94 70
89 62
80 55
7 102
7 100
54 49
3 107
3 117
61 37
114 35
87 52
90 40
77 43
41 115
86 50
76 37
84 59
89 65
74 40
8 97
5 102
66 65
76 59
55 37
70 50
81 52
18 110
88 57
15 106
16 110
86 68
101 50
91 70
85 62
75 34
61 50
90 45
3 105
100 27
80 44
98 55
4 101
7 114
69 77
11 109
2 99
106 32
80 64
75 30
92 42
82 32
106 55
68 67
94 35
64 50
84 53
114 52
75 31
66 74
9 116
68 62
103 36
99 46
111 38
93 42
80 69
70 69
69 61
2 109
0 105
51 112
65 70
52 116
83 46
62 60
91 36
9 105
54 42
96 36
90 39
96 54
79 38
103 46
85 55
62 49
53 115
105 50
66 75
114 38
7 101
1 117
86 42
97 30
82 61
91 33
66 54
78 55
101 53
42 116
16 98
48 38
112 41
10 101
89 37
97 46
74 65
61 41
94 32
56 37
63 56
73 29
61 112
83 63
98 53
82 46
70 60
14 101
54 116
82 66
5 99
94 48
103 52
114 25
84 64
8 114
110 29
80 37
0 108
61 47
110 28
85 64
103 32
49 112
64 66
53 45
93 32
3 109
81 64
9 101
93 58
88 35
63 51
81 66
10 117
69 55
105 26
88 60
67 77
89 33
78 65
14 117
91 55
58 113
56 44
61 54
93 45
48 116
95 54
40 112
82 62
96 30
8 104
90 35
94 41
72 65
46 113
10 106
88 42
77 44
92 64
98 30
107 52
95 46
75 63
60 37
105 36
15 100
69 73
105 31
89 36
101 29
87 53
109 31
11 106
62 46
87 60
90 54
15 98
80 31
77 69
63 63
55 47
46 116
56 45
17 106
2 115
15 103
102 45
89 34
88 45
103 29
1 97
91 67
103 26
9 117
78 45
80 34
49 117
105 55
7 109
69 65
62 50
94 60
77 61
8 99
114 29
78 36
94 51
7 116
53 38
70 58
83 68
102 33
107 32
8 102
59 40
59 58
42 114
93 41
58 37
99 38
56 116
113 30
58 115
87 68
95 52
95 64
86 67
106 50
99 43
78 41
96 35
104 26
1 98
92 36
15 101
76 65
79 58
111 40
92 62
113 52
85 40
74 33
91 66
106 27
21 115
93 44
96 33
5 113
77 57
87 48
110 54
65 68
87 34
19 116
89 60
89 67
112 45
95 34
107 39
86 55
73 32
8 100
7 98
74 38
78 62
96 52
49 113
91 44
109 50
57 37
91 45
75 44
58 43
111 36
113 32
54 112
8 111
67 61
79 66
73 63
88 56
90 68
78 69
1 102
95 26
92 59
89 53
51 114
103 38
61 61
86 39
92 69
68 60
86 61
104 30
67 67
78 70
92 67
81 69
105 41
14 105
107 30
2 114
81 46
93 64
12 107
63 65
76 62
112 51
19 110
58 54
91 58
111 27
107 48
76 41
106 42
80 45
55 117
96 43
113 39
104 52
100 32
94 52
101 28
96 45
69 64
77 62
90 64
89 57
96 32
65 53
81 58
58 50
17 102
94 64
80 52
10 105
85 65
109 39
59 41
108 49
77 32
64 64
59 57
98 25
75 64
72 58
80 56
70 77
1 115
45 115
58 44
0 100
101 32
86 51
89 40
111 28
57 56
68 66
58 47
106 29
95 59
92 37
90 37
110 39
108 42
82 53
70 55
112 42
5 115
5 112
51 37
0 103
58 46
109 43
85 33
108 29
78 68
100 50
84 42
101 37
112 32
65 57
58 56
91 32
16 117
113 53
62 55
73 33
0 104
92 43
62 54
104 43
58 114
112 39
6 98
43 117
93 35
87 67
114 36
60 52
41 113
99 50
77 46
57 38
100 40
81 56
4 97
81 44
56 114
104 53
94 39
101 40
77 34
55 115
16 101
82 59
113 38
88 44
79 68
17 111
54 39
80 67
56 46
85 69
18 115
107 41
56 38
76 34
56 53
70 74
5 109
108 44
0 98
105 39
14 115
104 34
100 30
47 112
93 52
13 113
79 35
86 36
58 39
82 55
93 55
74 41
65 51
110 41
57 39
61 60
102 44
95 62
105 43
92 66
63 61
113 44
78 30
74 60
95 57
61 59
59 47
94 38
104 32
68 51
93 31
105 49
69 51
84 70
64 62
45 116
82 49
87 63
7 105
102 41
70 63
66 67
64 56
99 31
75 65
88 48
114 43
61 39
88 66
59 54
43 113
1 103
59 53
87 70
73 61
113 37
7 97
13 108
12 115
96 25
78 32
106 54
107 33
8 106
83 52
68 61
66 69
11 103
58 45
105 34
62 39
88 31
91 63
62 41
106 44
107 53
114 30
101 44
109 30
100 44
105 25
43 112
89 35
8 107
77 36
91 61
107 31
71 64
90 46
94 28
84 55
114 46
64 69
105 42
79 46
57 47
90 52
56 54
95 51
83 62
52 115
50 38
85 70
91 62
46 115
75 58
84 40
111 25
93 46
109 52
11 112
74 42
50 37
80 66
69 62
3 101
77 38
92 49
14 107
108 34
42 113
79 48
47 114
96 46
101 27
58 42
97 54
113 29
86 64
6 97
74 67
0 112
2 98
81 36
48 114
79 63
98 39
66 53
79 55
11 115
1 114
89 45
65 54
88 40
111 37
59 48
4 115
52 117
69 74
54 115
84 67
85 45
108 48
13 100
95 30
58 48
76 70
74 37
58 40
90 70
67 66
73 45
2 111
102 26
13 116
12 104
113 28
54 38
93 62
89 32
108 43
87 36
75 32
56 115
46 117
104 37
11 98
103 49
102 37
78 35
5 104
82 43
111 55
83 58
111 45
107 51
80 51
113 54
64 61
87 49
112 27
87 37
96 49
74 46
86 43
48 117
67 70
87 38
82 60
14 111
86 40
103 28
65 55
41 112
96 31
0 107
7 108
111 39
63 49
18 109
81 67
83 67
114 45
102 36
15 115
95 36
19 117
101 34
108 33
89 59
113 35
74 34
95 68
71 63
105 35
6 106
88 62
110 44
48 115
66 55
105 53
61 63
110 25
12 98
102 43
93 40
66 59
18 116
91 68
11 101
84 45
9 99
91 54
74 63
96 34
17 109
12 116
80 32
65 64
94 40
113 34
81 41
12 111
14 100
19 112
78 58
83 42
84 51
109 34
75 46
114 49
92 51
13 115
53 40
112 54
110 48
68 75
77 42
4 108
113 48
96 55
114 42
67 56
92 34
82 64
77 68
58 52
102 30
104 27
16 103
97 49
12 114
89 49
54 37
110 38
15 109
65 67
107 38
98 46
88 50
60 48
53 37
114 33
100 31
79 60
94 49
94 30
71 66
80 40
86 44
90 58
94 61
87 31
1 99
69 58
96 40
107 40
76 66
62 58
90 42
80 39
64 55
45 117
9 113
54 40
78 37
107 34
0 102
58 53
72 63
101 46
111 46
94 27
100 29
97 39
86 41
11 114
102 34
92 41
91 50
83 51
93 51
113 26
55 45
4 107
114 34
56 39
81 51
97 26
66 49
88 54
90 61
81 59
103 35
7 113
92 53
94 53
104 29
1 101
94 59
100 35
93 66
82 68
95 45
92 39
72 69
99 30
62 56
70 51
82 51
71 73
12 102
106 48
109 51
13 109
79 37
102 25
79 64
61 46
11 111
60 58
56 47
57 52
94 67
93 53
71 67
95 61
71 75
65 63
71 59
99 32
83 45
83 34
5 101
85 51
13 112
92 46
103 53
12 101
44 112
109 53
105 54
93 59
110 36
68 55
53 46
14 103
93 38
85 39
86 33
66 57
98 26
59 55
17 113
9 112
62 37
75 33
99 25
79 42
76 67
63 66
109 48
76 68
10 115
76 32
1 109
84 49
95 27
54 113
16 104
111 53
70 67
17 116
66 50
62 43
104 35
57 48
104 38
97 42
102 55
53 43
16 109
90 33
95 35
76 64
11 99
97 29
83 41
81 45
60 114
87 59
65 69
112 46
89 38
51 116
97 55
3 112
85 41
97 48
111 44
91 59
62 48
76 39
80 35
114 26
55 48
99 34
84 37
54 117
74 32
90 55
68 53
77 37
94 50
53 47
111 51
50 117
82 39
92 33
64 68
108 35
62 57
73 46
94 63
61 55
80 33
7 99
65 62
84 39
60 39
73 42
108 32
60 59
100 39
104 31
62 53
102 46
70 78
92 65
58 38
88 39
112 35
19 113
20 115
6 102
83 61
110 40
84 43
88 70
91 41
112 40
103 42
114 44
70 48
107 54
15 97
62 65
67 58
98 48
108 50
87 50
83 40
108 38
9 108
88 61
52 114
67 54
67 59
90 57
107 42
66 52
3 99
83 50
93 36
52 41
55 41
86 32
67 62
87 40
111 30
83 49
70 62
95 42
105 29
55 38
82 48
89 39
76 36
91 60
88 69
114 51
81 54
3 103
14 99
87 56
108 27
85 54
7 110
84 58
51 115
60 56
60 42
112 33
64 58
106 36
97 25
73 39
67 78
80 48
61 49
2 116
102 31
95 28
2 100
2 106
92 54
100 48
13 97
45 113
61 38
6 114
80 61
61 56
101 45
104 33
86 46
111 43
83 59
104 28
79 43
80 54
95 65
75 35
88 67
72 60
104 45
13 104
73 31
100 33
103 37
99 42
98 31
69 48
74 59
80 50
110 27
93 43
103 51
112 49
18 106
75 38
75 43
75 42
65 60
0 113
101 51
104 40
85 61
96 48
73 62
90 56
109 37
107 49
81 60
99 49
60 49
71 69
89 51
102 50
0 101
99 53
85 53
61 52
65 61
10 108
61 58
6 107
85 66
96 39
100 49
91 51
68 57
65 56
112 37
77 66
83 32
105 33
68 65
14 116
6 109
2 110
106 53
86 65
1 105
82 33
11 116
80 46
52 112
6 103
1 108
84 68
84 60
106 38
111 34
19 114
83 64
84 57
106 39
55 50
58 57
112 38
74 70
101 33
4 112
100 52
52 39
81 34
110 32
40 116
69 63
64 63
88 55
98 41
70 76
12 105
96 42
80 68
47 115
72 61
57 116
104 54
62 62
57 54
77 39
13 106
58 49
63 57
80 38
41 114
74 69
59 52
67 75
5 103
73 70
80 58
68 58
101 41
7 106
60 38
89 70
110 53
75 40
55 39
84 31
74 43
72 64
84 66
94 44
96 44
70 56
8 103
105 38
5 97
18 117
59 112
79 50
21 37
26 65
25 64
9 37
19 69
53 3
25 53
18 60
26 55
12 56
15 54
14 39
19 39
18 42
23 62
13 64
23 54
17 63
51 13
20 52
4 29
53 22
53 16
25 67
4 31
52 7
18 38
21 70
14 67
24 57
27 65
57 13
22 52
52 23
25 38
55 15
19 64
8 43
25 54
13 38
20 53
22 59
55 3
19 57
20 69
16 36
15 56
6 39
19 63
19 68
22 39
57 10
22 67
5 37
24 53
55 20
12 59
17 40
21 53
57 15
10 44
17 53
22 54
18 37
23 70
53 11
20 63
57 4
15 36
22 68
7 40
21 63
53 10
56 17
51 11
25 56
16 42
20 42
19 70
9 46
51 3
15 61
54 23
19 65
20 70
15 67
56 10
53 13
52 20
20 41
18 41
57 23
14 37
21 41
54 4
15 65
21 69
10 46
4 28
17 56
24 67
27 67
14 41
54 10
54 8
5 38
14 43
12 60
53 21
8 41
21 59
19 40
56 16
16 39
53 17
13 39
10 42
54 21
55 13
16 64
15 58
24 60
25 62
55 4
22 57
55 9
52 13
9 41
9 45
52 17
23 67
6 37
14 66
55 17
5 35
24 52
12 58
2 30
18 61
51 5
18 40
54 20
17 66
4 30
21 39
11 44
18 63
21 65
9 43
20 40
16 58
24 56
55 11
57 19
55 8
25 60
23 38
25 58
12 40
19 38
17 39
8 38
19 41
12 42
21 66
3 28
14 36
52 5
12 43
52 10
14 59
23 37
22 61
17 55
55 23
17 38
57 6
57 14
19 58
54 17
57 8
26 57
57 11
19 62
18 55
24 37
25 61
27 66
53 18
13 56
9 39
19 66
11 57
15 60
17 37
8 37
13 43
25 57
51 19
20 64
19 67
16 68
15 55
12 41
22 69
20 58
7 39
14 64
24 64
56 11
19 61
25 65
27 62
53 19
18 58
57 5
51 18
52 9
22 38
21 54
17 65
25 66
25 39
27 64
15 68
21 61
55 6
23 69
16 53
8 44
56 22
27 63
18 52
25 63
26 62
20 62
56 19
4 35
51 23
16 59
57 22
16 67
10 48
54 13
3 33
16 37
21 52
54 16
14 44
52 15
51 15
15 42
53 23
56 13
22 66
13 37
14 65
24 59
18 65
17 64
9 48
23 53
15 69
17 68
52 12
15 63
13 59
20 66
56 6
10 49
22 65
17 69
51 12
20 59
18 66
21 56
8 47
15 40
21 55
16 65
10 43
53 9
20 39
16 41
20 38
7 36
19 55
25 55
17 58
17 62
15 62
16 66
16 60
17 70
5 36
56 7
124 18
117 27
122 37
123 22
122 27
123 25
117 28
121 37
121 30
124 20
120 41
121 46
121 24
117 42
117 25
123 41
122 35
118 46
117 41
118 35
124 21
123 35
117 29
120 45
124 39
118 24
124 30
117 46
119 26
119 42
121 26
123 30
124 38
124 36
120 37
124 46
119 45
121 36
117 38
120 44
121 35
121 21
120 40
119 28
124 19
119 32
119 27
122 26
118 43
117 31
119 41
123 33
123 31
124 42
122 25
122 45
118 29
121 31
122 20
122 32
120 38
122 39
117 45
119 34
124 40
124 24
124 25
119 31
117 33
117 24
122 29
118 31
119 37
120 28
123 20
121 34
124 45
122 30
124 34
118 32
124 28
119 38
119 33
123 23
122 42
122 34
123 45
120 22
119 46
123 19
118 38
119 24
121 39
124 33
119 44
117 40
121 27
121 32
121 42
118 45
124 44
123 27
133 83
130 113
132 124
126 94
117 121
118 113
123 126
18 125
14 126
32 108
117 94
133 93
117 101
118 101
20 128
35 103
118 99
122 105
127 126
30 117
117 86
138 107
131 101
119 101
11 129
129 95
130 96
121 109
37 96
124 119
127 84
131 119
9 121
126 89
121 102
15 129
117 109
123 114
11 123
130 115
117 95
120 124
133 91
35 112
129 99
133 118
130 89
31 99
135 88
15 121
126 106
131 109
133 103
11 120
136 89
133 122
130 126
127 110
135 112
136 110
122 85
37 118
128 105
130 123
32 112
124 87
132 120
18 127
124 90
37 97
16 125
127 113
123 94
131 85
33 107
135 121
19 128
35 100
136 121
124 126
130 120
132 123
119 88
30 105
132 105
16 129
22 128
127 124
135 95
136 83
128 113
117 112
125 88
132 89
129 102
35 119
132 113
30 119
12 123
125 115
138 109
15 122
130 122
130 84
135 93
125 93
138 88
122 102
130 94
133 117
127 112
130 106
129 87
20 129
121 114
125 89
37 119
136 112
33 98
30 96
11 125
31 105
36 108
129 105
9 127
35 99
128 87
130 114
34 98
120 121
15 120
117 99
117 105
120 100
37 107
120 97
9 125
118 93
132 118
31 109
117 107
38 107
130 97
34 99
121 99
119 106
122 99
29 101
122 108
125 104
134 108
135 104
35 104
128 115
121 94
124 120
30 104
127 108
126 126
35 101
120 118
19 129
19 125
117 103
137 116
134 103
36 111
34 101
135 87
130 121
124 108
121 120
29 115
17 122
119 112
136 114
122 107
31 117
31 106
123 90
36 115
12 128
38 108
125 117
11 128
29 108
119 114
21 128
136 88
21 127
120 117
126 115
19 126
22 129
126 120
121 112
121 95
34 111
9 123
132 88
125 116
127 87
124 86
134 90
123 93
133 98
133 109
35 111
133 108
122 120
127 117
136 94
137 93
18 124
120 116
135 117
130 125
118 86
127 99
9 128
138 116
126 125
118 107
33 117
119 90
128 91
34 117
129 118
14 124
123 102
138 99
127 98
122 87
131 108
127 92
137 87
125 111
137 118
128 122
137 121
132 93
117 92
134 86
117 115
122 125
130 103
132 117
120 110
10 126
29 117
123 124
137 90
138 121
117 114
127 101
124 117
132 94
132 103
134 97
16 120
137 114
126 110
138 100
136 119
133 121
33 103
120 88
133 102
138 92
138 90
127 100
132 112
29 114
121 123
120 89
17 126
126 96
126 104
34 112
119 119
129 89
137 120
13 122
124 123
31 103
126 108
117 117
117 106
134 94
118 118
126 90
32 111
31 98
31 96
137 107
32 116
128 98
37 111
132 84
137 105
131 87
122 126
130 109
32 110
136 87
33 97
134 83
126 86
133 105
132 87
120 108
136 115
125 91
37 113
134 91
121 108
31 113
135 118
137 117
126 91
30 112
131 88
134 93
130 87
33 111
124 99
124 121
124 100
137 108
131 113
37 109
126 105
36 107
137 83
9 126
125 99
33 99
38 115
133 87
128 109
14 120
36 101
38 102
137 95
132 122
122 98
135 91
16 122
31 108
137 92
132 119
134 98
34 114
30 99
119 105
129 123
128 106
118 120
38 106
128 111
133 89
136 98
123 120
19 123
30 111
131 90
127 123
119 86
124 122
137 122
121 103
125 110
131 105
128 108
135 119
131 99
134 89
130 98
118 88
117 89
125 107
137 84
117 88
131 92
18 121
134 87
124 89
128 118
133 113
137 91
118 108
127 115
118 90
33 104
118 91
127 93
127 86
131 124
10 124
121 121
131 122
17 127
34 106
134 119
133 120
134 120
33 119
36 119
120 104
124 106
124 98
126 98
128 121
121 98
37 114
129 100
30 115
121 88
12 121
118 119
35 117
126 85
123 109
134 113
20 126
36 114
132 97
120 122
120 86
117 97
32 102
125 90
132 83
38 110
134 110
135 96
122 96
122 93
123 92
126 112
38 105
118 110
132 109
21 129
32 115
135 120
30 107
124 103
122 109
126 87
31 100
31 118
124 101
125 96
32 113
124 114
127 111
131 120
138 84
129 93
124 95
38 114
29 106
29 103
131 123
30 114
121 101
133 101
119 121
14 125
125 84
132 102
136 109
120 114
136 100
133 96
135 90
31 119
125 114
133 90
37 108
33 113
12 120
131 95
127 94
129 117
136 102
38 116
127 91
123 115
123 87
31 116
121 124
125 97
15 124
127 105
128 123
121 92
119 122
117 120
35 106
36 97
118 121
33 105
132 95
134 106
131 86
135 92
138 119
127 95
122 106
29 109
133 115
128 110
126 92
120 102
138 97
129 96
35 105
118 109
123 85
138 98
122 115
31 97
122 124
136 105
37 100
129 90
129 119
34 116
125 86
32 119
13 123
19 122
124 110
29 100
131 89
138 89
119 108
119 104
127 125
34 108
130 104
33 108
13 126
16 127
33 109
35 114
131 107
35 96
128 84
31 107
124 116
135 85
119 110
18 126
129 92
123 104
133 114
136 107
121 106
133 107
20 127
132 90
136 90
34 103
12 124
125 85
138 83
29 118
131 118
14 122
119 96
130 112
138 94
120 119
126 109
133 119
133 94
130 110
17 124
120 91
129 113
14 121
30 113
119 94
124 118
127 109
131 102
38 101
136 108
132 101
35 110
32 97
35 113
132 108
35 108
134 100
35 115
121 90
138 114
130 105
126 107
126 99
132 100
37 99
125 98
36 105
118 98
127 118
19 121
123 123
137 110
131 98
37 115
133 116
132 114
123 117
130 99
9 124
9 120
131 117
35 118
136 84
29 97
36 109
119 89
35 107
120 85
121 116
18 123
137 115
11 93
8 80
6 85
8 87
8 74
1 88
5 84
1 78
4 90
10 89
6 70
6 71
20 28
8 76
5 74
1 77
8 84
4 84
0 78
4 78
5 71
17 31
3 84
12 86
6 74
4 89
6 79
6 91
10 90
24 26
7 94
5 90
11 84
4 86
2 87
7 91
10 87
20 30
5 92
18 32
4 80
7 77
5 86
17 30
10 78
8 77
3 88
2 80
7 78
25 27
10 88
7 70
8 79
9 86
26 33
3 93
6 86
3 85
22 31
27 32
7 90
8 69
19 29
2 94
0 72
12 92
9 89
0 90
18 26
9 80
4 74
4 87
0 82
11 87
27 26
18 27
4 75
1 84
24 30
12 94
17 28
21 28
9 84
13 93
2 74
22 27
19 28
18 28
1 72
4 72
11 89
23 26
1 91
0 88
1 82
2 83
21 27
8 73
9 93
4 91
0 71
0 89
27 31
6 81
2 88
8 86
2 72
18 33
2 76
6 80
13 90
5 80
13 92
1 73
1 81
8 92
4 82
27 33
21 33
24 31
27 29
7 71
25 31
19 27
8 82
2 81
3 77
1 85
3 71
22 26
12 87
7 81
2 78
11 92
9 91
9 85
7 88
5 77
0 73
20 31
3 76
23 33
7 85
9 76
4 93
11 94
23 30
0 75
3 80
17 33
4 76
10 85
24 29
8 90
25 33
27 25
10 83
0 85
8 89
24 33
4 79
10 93
22 32
11 91
6 72
4 88
21 31
10 94
23 29
9 78
26 30
2 84
13 88
3 72
1 93
6 90
12 89
10 91
3 73
6 78
8 71
7 73
22 30
4 94
4 81
2 75
3 91
2 79
5 93
10 77
4 77
3 87
5 75
18 50
23 50
20 44
20 49
21 48
16 46
15 49
21 49
19 44
26 50
23 45
23 43
25 49
20 48
15 45
18 46
24 49
18 45
23 42
17 46
20 47
18 48
17 50
21 46
22 45
21 43
22 47
23 48
23 44
21 47
14 47
24 50
24 46
13 48
27 48
26 49
16 50
18 47
18 49
27 49
19 48
17 51
22 44
24 47
22 50
17 49
