379 178
433 346
398 184
240 188
266 206
377 196
449 237
449 190
315 331
533 248
366 192
386 156
242 314
523 266
519 244
316 318
310 309
531 254
253 250
419 342
540 264
497 197
535 262
229 314
361 285
519 267
482 203
394 169
371 161
408 157
529 227
305 330
516 180
377 158
396 197
330 303
417 162
229 324
273 248
332 314
449 235
245 327
381 162
277 190
537 228
390 182
324 311
484 206
420 350
428 330
381 201
287 167
341 155
289 325
299 330
392 202
417 181
315 302
420 336
376 196
241 308
408 177
257 249
408 188
412 186
328 308
438 238
335 329
464 134
376 202
302 322
369 176
415 188
417 157
432 240
333 313
300 331
509 177
433 191
408 176
443 186
545 266
419 190
383 192
279 191
408 159
377 178
383 175
467 394
412 159
310 316
241 330
315 301
526 237
400 171
279 203
374 179
333 305
315 312
419 347
397 173
408 169
440 189
374 203
295 328
311 314
510 179
315 304
331 327
502 198
456 187
315 313
240 335
249 332
419 158
445 188
501 206
443 235
253 249
286 328
430 326
341 154
417 337
540 238
240 194
409 177
411 161
502 204
369 181
387 203
440 193
420 324
389 168
542 256
291 330
374 155
367 171
378 198
407 336
544 253
444 189
535 253
433 326
408 170
227 311
541 249
244 324
310 331
295 332
519 260
415 168
271 195
375 188
406 325
291 283
370 162
417 178
506 198
307 323
408 156
367 188
381 156
415 175
371 203
394 188
343 147
327 322
452 183
383 164
419 175
418 196
396 179
393 178
387 161
236 325
403 227
256 249
273 265
398 169
425 330
313 319
306 314
412 343
415 337
426 333
539 243
235 310
398 194
232 318
541 257
302 326
383 186
508 204
390 191
246 334
446 242
447 191
402 163
214 281
241 197
296 332
526 261
305 323
288 332
233 313
482 194
539 230
386 170
530 226
435 236
539 268
284 328
366 198
420 330
527 265
433 190
238 322
406 334
539 264
545 241
520 253
514 183
372 179
224 331
339 151
248 327
307 316
391 174
326 312
326 333
240 326
276 195
537 231
541 258
236 313
423 330
431 186
386 161
443 194
362 289
492 289
231 310
335 308
530 230
267 206
314 309
450 240
315 321
382 198
405 325
436 192
292 281
319 333
377 163
284 286
525 239
221 312
408 339
366 187
520 268
345 148
519 245
520 237
416 339
285 329
466 395
526 248
395 179
378 163
330 317
372 173
310 323
370 159
338 153
241 182
282 326
519 261
392 193
386 179
323 324
366 184
286 333
221 290
416 330
543 242
501 199
372 184
219 329
401 167
490 196
273 194
533 269
232 331
401 155
300 313
381 180
449 236
432 343
374 160
380 190
417 333
320 327
522 248
532 226
317 330
431 182
211 262
442 185
529 244
394 183
537 226
285 332
458 131
520 270
316 191
399 191
287 164
524 263
531 242
414 181
242 313
301 318
515 171
300 324
404 331
409 178
524 248
243 335
370 181
409 344
379 171
311 327
449 194
370 188
391 186
291 324
316 306
239 318
521 249
315 309
536 229
392 167
390 200
381 186
320 319
298 318
398 160
394 198
402 190
316 190
400 177
408 179
410 168
357 290
404 197
226 328
492 204
379 177
446 235
497 195
307 270
313 332
376 191
285 283
418 194
378 189
318 317
369 186
270 208
220 319
419 325
330 311
245 335
358 289
415 327
223 307
409 162
365 373
397 163
404 191
445 243
334 313
467 401
269 245
237 319
360 371
413 160
234 312
404 181
518 254
333 321
265 246
243 188
411 196
251 322
522 251
377 165
295 287
336 329
300 325
209 257
225 317
456 133
384 175
411 174
319 325
372 166
327 324
491 201
527 269
437 189
524 246
481 196
499 205
309 329
491 200
311 316
413 341
246 321
314 320
391 189
530 265
429 338
415 194
539 258
410 164
411 200
378 187
290 333
545 228
491 195
316 188
408 182
323 318
543 263
414 329
375 202
251 331
381 181
428 350
376 186
546 259
426 335
226 312
461 135
322 316
444 187
225 313
311 188
416 329
380 196
411 349
301 314
485 205
380 179
388 173
533 241
403 189
487 201
404 340
504 207
502 201
323 333
268 200
544 246
311 315
227 314
224 327
481 199
293 286
539 225
382 193
335 317
537 248
529 263
408 185
368 172
527 239
513 183
357 370
532 242
364 370
367 200
222 329
355 368
291 327
313 312
494 205
409 350
453 193
226 322
334 327
242 187
378 158
424 329
403 341
271 203
409 347
239 321
316 325
382 164
513 178
429 330
373 165
503 198
420 346
324 323
527 262
219 333
384 192
455 193
415 341
538 244
411 167
380 188
442 237
273 199
523 246
436 238
491 196
368 156
312 316
322 311
498 203
300 332
398 165
242 182
488 205
242 317
385 201
529 248
334 311
222 291
431 346
384 167
231 315
404 327
527 253
543 237
540 230
258 250
303 326
228 307
274 198
413 338
369 169
383 190
323 310
285 343
314 188
537 256
433 345
409 167
315 323
335 306
324 327
445 237
517 183
284 287
538 266
544 249
398 172
426 345
538 232
398 188
368 182
226 331
499 197
394 156
458 134
537 245
398 158
400 167
315 320
511 172
366 195
409 159
437 239
242 316
422 344
373 186
369 190
536 267
340 152
318 304
324 306
502 200
407 344
332 318
408 337
249 319
506 204
311 317
412 155
388 184
491 199
333 314
528 226
235 313
443 236
236 330
219 292
410 173
301 330
387 181
227 317
367 158
366 373
359 370
537 258
283 342
545 259
446 239
426 341
267 249
237 307
527 261
441 184
398 174
317 309
324 304
461 131
534 254
384 169
294 284
279 190
412 188
311 303
403 220
451 187
529 233
412 349
229 319
258 246
210 256
519 254
385 163
392 186
241 186
242 312
540 269
528 266
459 132
282 327
399 157
300 314
335 314
283 340
295 333
385 189
318 326
306 322
226 319
468 398
271 192
431 325
541 248
299 324
455 190
542 260
399 180
411 326
390 197
407 201
229 335
385 199
222 335
312 309
431 339
529 231
383 187
398 191
445 186
230 334
375 197
335 320
329 369
242 315
334 321
268 206
304 329
418 170
441 239
314 311
543 254
313 327
395 189
210 264
385 186
436 184
533 250
410 167
415 162
525 230
269 195
468 401
406 226
405 324
273 191
394 193
411 171
409 156
524 239
535 255
396 190
210 257
301 317
407 334
373 198
235 314
304 325
416 189
447 193
526 264
269 202
420 337
265 203
225 323
541 234
328 310
498 200
229 315
398 156
310 267
298 332
546 226
310 304
410 324
386 201
431 241
505 206
368 163
418 172
409 169
367 184
414 339
540 246
450 188
371 197
378 159
402 225
224 323
379 188
301 324
435 186
318 322
318 323
432 338
536 237
395 170
537 247
224 321
306 316
234 329
400 193
377 190
270 199
270 250
430 349
395 176
312 306
416 196
286 330
289 167
382 182
243 196
491 290
306 328
309 323
378 200
410 162
530 259
295 318
526 270
211 277
424 347
423 329
374 189
399 192
233 331
407 332
336 301
251 332
227 310
527 231
419 179
272 267
311 312
509 180
394 173
412 181
252 249
393 186
469 400
390 199
495 198
402 199
526 229
240 195
393 175
544 267
457 135
344 156
378 199
417 200
377 185
309 311
404 201
447 190
249 321
482 204
236 315
531 266
296 317
381 197
519 237
312 302
434 235
390 173
527 235
413 156
531 236
438 186
545 263
222 327
455 185
323 302
408 324
545 264
287 285
442 241
288 286
324 324
300 323
373 193
416 155
389 173
246 327
378 156
396 176
406 167
421 327
382 167
302 324
536 232
311 304
518 178
312 321
314 318
301 323
297 331
382 187
535 252
533 266
417 158
456 135
387 180
530 242
433 238
320 302
332 311
212 256
377 172
447 238
222 328
393 159
277 207
513 181
454 133
241 313
234 316
341 151
316 307
466 404
546 262
446 191
406 328
540 244
437 188
343 155
270 203
325 310
519 247
405 189
398 193
267 250
419 202
329 304
495 205
312 320
524 253
542 259
249 331
418 324
315 306
239 319
415 165
405 183
411 178
327 301
243 185
267 198
419 192
410 331
487 205
520 251
399 202
407 335
231 324
394 157
422 346
393 162
304 333
271 190
388 194
284 331
274 197
301 321
411 328
419 340
534 256
420 344
414 163
519 238
387 178
414 160
334 329
409 166
413 165
442 240
410 188
310 320
453 183
541 235
225 327
535 270
493 202
334 326
546 248
435 191
420 338
380 194
244 335
516 13
537 342
131 102
143 178
481 43
497 14
106 176
426 49
78 497
171 136
216 543
140 261
367 36
458 20
411 43
142 148
365 46
213 568
128 217
455 53
123 273
517 362
489 24
124 280
119 84
79 553
383 288
132 281
521 365
419 63
139 171
435 55
92 563
350 38
207 183
332 65
94 571
249 570
294 395
78 551
359 28
409 32
302 358
126 230
75 475
140 109
95 490
119 201
226 549
385 39
67 512
492 53
96 582
117 168
111 203
352 212
82 531
509 69
408 14
340 543
149 237
113 103
149 309
238 397
114 226
515 71
192 550
395 34
126 155
258 400
76 481
132 309
508 22
280 356
141 149
119 180
313 21
513 44
446 31
427 56
132 121
445 27
78 479
345 549
506 62
120 181
133 62
115 193
393 28
109 277
346 34
109 269
491 54
259 404
218 398
294 409
485 17
146 151
106 196
135 268
233 399
66 583
460 68
104 145
427 60
118 185
94 568
405 22
522 13
82 545
466 46
347 211
419 16
185 205
436 55
484 30
258 410
176 95
374 326
119 289
360 69
357 200
145 209
218 218
143 204
125 75
396 29
308 67
378 56
139 67
368 20
210 176
303 399
426 33
112 72
390 277
84 545
236 552
469 38
117 306
443 71
95 585
470 36
140 187
268 360
489 51
251 544
419 52
402 73
406 295
127 97
71 488
297 357
395 48
216 553
85 539
115 174
273 396
492 13
417 22
231 397
107 287
112 294
426 46
112 238
487 35
382 53
418 43
475 367
389 23
544 362
303 49
77 572
333 545
108 253
505 55
243 410
384 285
401 308
89 538
361 47
422 22
178 140
459 63
111 301
408 67
522 366
212 550
112 218
487 39
131 240
355 202
118 184
513 21
121 250
339 216
382 68
218 409
377 37
171 92
402 277
341 57
350 46
395 308
179 124
517 358
64 502
110 139
411 61
128 72
72 509
358 48
109 266
498 62
460 18
68 554
225 547
114 124
71 533
186 124
402 295
140 184
268 362
474 65
414 363
114 153
326 35
344 22
377 48
348 63
116 225
142 199
117 273
528 360
134 140
119 56
460 356
501 46
438 43
66 505
142 94
147 228
463 361
330 26
127 235
485 67
290 398
76 556
139 159
90 485
107 48
439 11
183 550
121 56
138 213
134 132
215 193
149 287
387 63
137 296
191 147
108 272
308 17
148 97
236 404
94 489
345 19
104 184
84 499
147 231
116 122
451 21
389 304
120 98
385 31
110 174
400 301
345 30
518 25
454 39
117 67
139 48
127 49
418 50
185 198
127 48
476 370
144 101
361 17
369 67
166 89
478 45
93 518
382 35
496 69
173 555
376 14
130 210
446 46
403 271
399 272
172 545
184 106
543 365
516 70
333 70
145 198
116 148
396 296
470 25
223 406
433 9
189 146
119 302
177 100
334 46
79 567
256 356
512 28
324 38
105 268
208 399
353 19
96 553
211 177
412 543
514 42
67 519
243 551
230 403
148 297
126 50
209 218
145 221
209 198
114 272
188 213
129 124
515 36
410 69
118 222
140 247
369 73
396 54
380 49
142 58
511 30
182 543
449 16
229 564
341 23
378 57
128 182
214 549
237 400
107 147
504 16
139 70
124 165
64 553
330 23
547 362
125 94
188 127
333 549
94 534
140 264
93 500
143 295
398 73
178 148
502 15
80 498
339 31
106 271
241 565
243 542
130 243
139 126
118 157
431 63
504 63
250 550
504 58
341 55
370 50
140 77
501 14
135 102
123 242
213 200
209 410
545 364
175 211
505 9
478 13
143 194
313 33
377 66
149 88
221 562
93 506
333 10
144 258
211 394
128 273
500 64
384 24
70 522
409 367
416 11
216 211
123 125
223 405
126 207
211 223
344 64
140 273
404 548
191 552
499 15
279 356
377 46
121 173
109 130
121 135
389 274
202 197
358 14
379 25
127 126
251 401
135 43
474 371
459 56
128 267
483 16
90 487
434 38
311 21
447 57
136 248
115 77
470 23
94 475
183 90
126 236
128 246
335 34
306 66
143 186
397 308
174 212
299 355
416 9
113 104
141 301
320 36
185 95
113 230
409 54
344 48
453 47
353 59
452 296
116 88
65 538
125 300
188 149
136 46
521 19
522 368
217 218
388 290
201 184
479 23
487 29
137 283
139 184
118 181
372 67
149 107
120 291
146 182
132 247
338 66
116 130
335 44
75 553
112 267
213 171
243 555
237 407
320 15
127 115
352 72
327 43
82 514
291 355
106 242
495 44
76 576
461 34
445 56
304 48
203 223
133 197
306 53
87 501
354 204
358 201
348 220
379 325
176 549
218 550
349 10
131 202
89 490
310 43
106 183
272 358
148 232
332 67
340 37
429 46
413 9
182 205
408 33
112 151
109 203
131 152
451 359
369 544
104 93
337 48
360 24
205 234
227 402
124 96
343 59
135 306
524 355
459 298
141 257
213 407
387 9
105 81
399 310
111 65
113 284
109 98
145 200
273 357
95 514
417 372
189 569
216 199
128 235
144 197
176 138
187 115
147 230
111 152
136 206
400 17
134 144
348 210
393 294
146 312
206 186
433 70
90 554
350 22
437 39
182 91
64 537
168 102
132 274
291 408
435 57
370 54
136 91
476 11
147 176
398 35
449 64
88 528
149 266
170 543
68 486
485 28
86 525
317 19
342 55
528 349
226 543
108 217
441 45
218 183
208 197
305 64
361 23
508 18
131 161
332 44
348 13
142 218
186 117
321 26
400 24
471 47
416 63
497 53
116 61
264 393
463 53
120 74
166 92
131 50
392 274
171 553
337 45
334 39
292 361
130 90
76 551
344 44
80 500
121 285
371 325
131 249
402 45
402 57
534 341
495 68
195 569
478 27
70 553
117 182
148 126
70 568
146 177
293 362
108 260
401 279
75 544
407 52
108 85
217 400
316 22
95 523
186 570
90 510
207 557
286 356
121 295
483 45
238 570
441 54
402 55
118 256
451 362
488 35
330 55
427 61
127 162
175 554
263 359
145 138
279 393
476 21
118 115
213 547
66 569
132 69
483 70
409 56
211 176
182 567
272 402
124 213
207 175
445 20
192 149
356 51
185 201
527 360
109 248
257 543
113 203
123 265
331 71
106 179
414 54
124 272
226 410
81 552
80 529
104 143
139 143
339 66
144 97
388 42
88 504
113 262
113 189
451 42
345 546
404 279
134 134
368 56
469 27
299 410
428 73
461 23
324 549
470 34
203 561
365 40
355 50
461 73
503 40
87 508
215 400
128 67
215 209
130 144
390 283
139 251
465 31
181 141
147 303
360 542
192 212
104 149
135 99
513 60
136 229
146 219
405 11
111 280
320 71
285 359
134 298
251 408
340 62
192 146
323 72
291 393
108 233
118 227
77 512
140 151
82 470
145 271
376 45
254 398
138 167
380 544
142 173
122 139
108 196
280 359
221 407
145 184
82 586
177 115
305 357
406 18
461 365
363 35
119 279
216 202
126 86
113 74
70 527
343 19
109 84
130 207
525 355
119 285
132 100
493 72
397 20
424 21
512 12
201 177
138 278
413 48
113 279
420 64
520 40
109 78
312 27
149 189
458 32
217 564
104 75
325 58
78 550
502 21
391 64
115 281
127 239
139 146
311 18
145 207
143 42
232 553
514 66
407 15
356 56
459 73
384 14
114 281
388 24
330 14
461 62
369 17
149 154
474 16
363 73
393 282
115 225
91 532
96 488
295 399
384 277
364 10
236 395
322 31
380 547
116 249
206 396
380 21
405 279
334 35
198 555
105 61
116 42
75 548
396 51
342 25
201 551
217 409
134 79
314 38
205 201
81 498
104 302
135 234
326 10
145 116
175 92
208 184
419 368
173 559
78 509
108 258
497 50
324 33
104 70
352 207
214 184
219 202
211 179
124 43
449 18
115 103
178 206
114 245
475 59
215 188
117 57
387 17
78 474
143 49
455 22
332 54
373 56
473 9
142 123
66 547
80 525
480 40
381 57
106 267
89 580
382 33
117 175
66 558
414 49
391 23
405 54
130 69
378 24
402 291
106 84
406 43
104 82
361 27
322 544
95 559
71 580
468 22
83 584
211 400
358 543
115 115
118 285
122 216
258 398
104 227
427 13
384 16
133 43
434 62
121 158
196 543
196 565
126 202
142 305
122 227
476 66
403 19
87 511
147 282
114 258
145 173
92 584
393 43
127 72
366 63
509 22
216 235
292 410
393 305
203 233
106 247
390 293
79 501
116 84
459 10
130 139
443 13
411 38
469 28
375 68
504 38
117 179
378 326
116 75
136 181
487 73
456 71
119 228
132 117
114 46
292 355
146 283
134 202
203 556
430 42
449 55
244 555
133 246
507 61
226 547
169 548
92 482
385 15
262 401
427 47
115 209
541 342
305 19
476 39
492 70
514 54
187 569
510 18
149 146
133 48
402 311
357 21
492 56
332 53
130 287
122 277
148 76
114 280
548 349
136 78
244 568
141 237
405 16
86 581
392 66
174 568
465 12
177 103
417 36
111 296
125 231
409 31
343 63
148 68
466 22
430 22
298 404
142 271
438 11
401 22
107 111
110 170
465 62
105 135
129 82
66 555
478 43
248 560
217 404
146 104
321 17
87 547
445 28
470 17
494 14
237 395
87 509
148 93
501 20
124 153
174 140
370 545
496 28
293 404
81 587
134 224
117 210
138 248
214 176
461 63
313 65
132 269
77 563
266 398
117 98
471 21
487 64
208 561
111 303
134 109
362 54
339 544
405 278
419 62
113 190
492 19
79 539
143 59
466 63
119 271
367 42
146 212
336 29
205 197
121 138
112 185
172 99
187 560
369 50
398 31
131 84
310 360
140 93
125 287
462 24
187 214
96 536
121 91
528 361
520 353
518 46
313 48
251 394
105 168
141 302
67 550
378 45
130 249
295 363
123 68
274 407
123 226
207 178
265 360
381 297
71 551
66 552
218 406
379 66
106 88
111 194
104 183
499 28
94 586
67 515
540 364
132 208
123 172
520 32
504 55
93 475
132 66
113 195
67 470
257 561
491 33
500 45
141 57
219 542
117 185
310 357
418 20
480 70
112 52
76 539
107 141
178 548
412 11
89 479
313 10
107 292
142 86
132 87
122 133
335 65
74 477
358 36
148 149
358 44
506 38
320 37
441 37
266 393
311 361
119 47
529 343
402 47
381 55
130 61
74 498
363 9
106 146
176 551
450 22
122 224
386 312
408 26
391 48
251 555
492 12
523 33
521 11
487 16
120 144
395 72
201 172
409 44
173 124
487 68
365 317
375 66
475 72
254 547
106 220
309 42
314 51
383 64
130 288
180 213
96 494
214 230
309 56
272 359
459 51
128 131
417 35
114 69
387 47
363 55
326 57
149 199
417 11
128 227
312 71
134 108
266 396
136 168
318 27
439 37
394 21
132 288
106 197
516 52
329 543
336 71
119 208
72 499
79 571
213 546
492 10
353 17
120 297
181 209
94 554
265 363
142 127
371 70
334 9
257 402
179 123
172 552
234 549
111 123
96 507
368 45
481 11
149 263
401 275
469 40
127 86
149 170
539 345
348 545
535 358
209 193
320 39
140 244
496 59
237 403
208 193
274 410
374 35
71 505
84 509
107 160
471 26
238 403
88 580
142 267
518 24
482 27
112 166
531 354
220 406
442 48
311 65
380 50
464 47
117 242
148 136
396 286
493 14
86 509
115 278
401 298
507 13
141 233
86 492
378 545
498 52
488 41
117 234
502 51
94 589
116 264
368 48
370 57
393 299
111 133
137 61
183 563
106 204
408 40
111 108
208 223
358 60
132 239
456 18
437 57
212 403
93 476
144 154
516 31
121 271
107 253
228 567
94 517
345 58
133 141
136 47
117 218
223 548
145 224
510 54
285 358
129 228
143 218
176 555
87 553
220 557
436 34
473 55
138 178
344 57
85 544
315 14
113 196
224 553
247 553
441 66
359 43
125 137
382 52
139 100
172 94
229 396
76 554
192 135
76 552
117 283
520 355
140 65
470 28
106 283
303 58
94 528
460 58
69 529
122 155
132 54
424 61
370 34
218 174
91 587
439 73
142 244
540 350
313 59
109 145
464 359
294 403
478 364
110 127
147 65
309 69
139 284
74 588
458 63
116 235
220 560
435 12
149 311
212 218
311 31
85 492
319 47
142 306
523 23
219 175
388 16
420 62
218 551
121 127
87 545
143 249
409 24
456 41
146 98
343 16
117 117
130 62
132 279
184 115
373 39
375 45
67 492
75 589
325 37
350 62
339 38
191 565
131 52
82 541
119 140
131 234
111 107
73 500
211 570
78 491
174 96
497 9
446 64
349 52
490 9
95 511
110 150
218 569
241 553
146 237
415 31
522 63
137 290
352 22
119 212
146 305
72 489
315 57
460 35
231 399
458 38
485 22
516 37
104 80
370 73
149 66
425 33
171 96
85 587
119 111
458 364
213 173
419 21
256 552
182 563
463 46
171 147
220 399
279 402
349 549
486 16
132 162
144 152
400 303
400 295
325 63
314 15
107 61
485 70
497 69
190 149
137 129
443 18
456 69
469 19
129 67
479 66
239 559
80 497
504 17
134 232
543 353
177 545
463 20
543 356
78 489
481 18
308 13
421 52
215 189
72 482
522 363
86 517
88 509
216 213
256 359
190 211
290 357
201 552
70 532
368 53
532 353
184 553
115 287
230 394
148 214
135 271
95 471
287 398
124 180
447 66
397 278
424 73
129 174
143 280
473 62
455 32
136 67
397 283
406 300
253 569
385 16
69 478
389 31
330 64
397 34
76 553
379 27
114 163
112 148
408 374
347 43
398 285
366 48
138 228
223 401
106 181
501 64
427 46
116 86
470 33
329 546
79 512
355 48
80 581
518 53
457 57
177 92
339 35
347 212
486 13
135 222
363 11
128 123
423 53
404 544
533 339
122 181
246 551
168 556
501 13
112 301
147 50
145 148
256 360
378 28
506 49
82 500
535 363
169 563
122 142
190 125
114 144
490 55
288 406
124 109
127 180
353 29
82 485
76 580
135 61
214 196
355 29
332 18
303 37
330 43
79 505
68 560
139 216
395 54
477 24
114 130
341 18
375 542
89 556
353 209
171 565
358 544
136 98
494 22
408 65
237 567
116 72
357 52
144 261
184 121
353 213
515 65
403 49
391 54
173 543
113 113
115 192
449 48
187 209
345 217
132 144
143 193
337 63
411 11
433 45
449 41
459 12
139 73
112 292
122 153
464 363
108 204
113 48
104 178
121 105
454 73
136 203
432 46
121 296
177 122
458 57
204 552
433 73
74 582
314 36
314 19
116 268
141 217
133 185
67 561
460 71
253 408
244 566
314 13
83 544
174 210
330 56
236 554
182 143
224 397
119 165
364 29
252 553
408 367
513 34
136 238
128 179
490 32
327 62
455 70
335 52
136 237
399 68
510 59
314 26
144 257
418 36
125 185
390 26
135 168
276 409
467 26
423 51
298 357
454 38
533 350
265 410
112 109
207 177
456 35
518 64
381 298
189 210
395 307
149 236
112 68
201 567
477 370
113 54
94 559
67 475
358 27
443 10
393 547
215 542
532 364
390 25
402 296
463 296
524 350
342 12
78 584
397 291
121 264
437 35
278 405
139 140
473 370
83 491
131 77
417 43
90 585
105 188
463 67
515 56
362 42
185 145
146 207
353 548
515 21
111 54
494 70
413 40
518 365
381 282
454 10
149 52
360 200
215 180
106 214
397 307
383 71
186 200
479 35
108 120
129 89
477 14
130 156
216 550
137 155
478 357
94 549
515 362
364 17
140 294
496 37
408 365
367 548
109 235
88 570
288 397
78 567
94 510
139 106
252 570
187 546
80 547
149 121
92 530
471 61
174 560
236 570
508 39
122 220
354 213
361 200
121 96
149 202
402 69
66 587
95 586
385 304
118 84
85 554
175 91
374 62
246 404
146 68
399 58
523 361
376 57
416 17
320 28
511 65
123 42
467 52
403 64
494 40
128 170
111 147
263 405
113 59
200 557
119 273
514 16
74 536
402 54
314 549
64 538
201 180
453 370
536 352
126 123
228 407
542 342
64 495
503 48
145 50
138 173
219 405
144 61
318 41
473 41
362 58
132 107
109 159
359 202
372 545
141 95
401 27
384 299
425 42
526 366
204 190
474 35
68 479
313 64
508 13
458 36
147 286
439 34
175 147
399 286
367 53
312 33
147 308
145 121
136 243
327 547
221 555
277 396
366 60
524 353
86 579
116 76
118 286
119 60
74 474
172 568
497 45
137 49
128 144
148 289
383 35
465 50
384 71
189 546
311 9
315 47
410 34
125 243
211 559
452 48
515 46
356 38
479 68
370 71
143 310
82 589
239 394
414 23
256 543
473 25
394 289
210 404
122 201
185 554
113 247
224 565
93 561
382 19
484 50
334 69
355 28
362 41
320 38
115 301
134 141
116 67
453 44
407 69
107 284
368 543
364 16
420 71
77 490
536 354
406 303
366 15
337 28
124 289
399 16
115 91
204 205
487 59
84 559
266 356
201 201
119 250
94 536
355 543
521 58
129 255
474 22
110 44
107 312
386 21
120 285
459 26
190 558
130 201
529 345
475 17
106 96
485 53
109 64
460 67
211 185
171 142
382 294
171 101
135 300
141 234
180 98
321 34
131 179
528 342
135 179
130 269
203 552
86 481
487 17
216 178
228 554
73 528
83 543
122 302
375 30
95 516
192 213
149 281
323 44
242 395
319 35
361 11
64 471
114 187
351 66
202 203
392 304
139 117
123 45
169 566
145 177
385 60
429 28
206 217
126 125
354 202
398 38
480 60
394 549
125 164
344 72
222 553
122 130
448 43
109 244
110 272
337 30
140 153
71 583
106 177
145 194
235 408
465 36
538 365
111 263
146 95
130 296
196 549
126 68
316 20
117 274
145 201
527 365
273 359
454 357
283 360
334 41
522 15
395 15
467 42
365 548
119 224
368 55
209 215
433 65
132 268
348 47
117 201
544 340
141 294
444 45
338 32
127 208
388 286
109 107
78 580
322 21
397 271
335 39
141 290
68 483
310 359
396 278
149 186
521 28
482 23
491 9
185 127
369 25
316 70
123 225
272 397
242 403
143 108
104 287
132 132
414 66
64 486
415 365
68 505
539 349
379 49
186 212
403 9
94 506
108 225
401 283
147 184
460 28
411 37
355 44
88 518
511 61
441 48
96 521
374 39
381 43
448 72
111 164
305 44
512 51
400 70
147 222
418 21
106 74
401 306
199 555
127 196
435 10
210 561
140 92
479 32
72 498
417 63
280 408
173 149
347 72
68 547
282 359
214 563
545 356
324 22
137 103
88 557
115 118
387 547
487 34
135 170
126 304
212 201
447 59
136 215
107 221
104 157
335 72
399 299
464 297
88 561
105 291
315 62
135 55
123 91
367 46
126 145
107 167
536 361
352 40
116 179
367 23
310 23
405 32
118 208
384 282
145 295
323 36
471 40
320 70
445 34
233 558
410 15
86 582
213 190
139 238
142 84
77 523
422 34
79 526
403 276
311 357
83 540
497 61
386 307
106 111
332 61
288 410
175 122
343 25
360 37
403 68
132 104
179 106
69 481
305 43
69 521
433 15
253 548
144 213
517 40
79 532
307 52
218 236
131 148
352 202
372 13
384 304
346 200
355 204
389 22
114 95
306 36
480 26
104 153
462 371
195 565
412 376
217 191
206 401
140 199
172 563
248 551
174 143
516 43
333 69
174 545
476 67
311 47
134 122
73 565
129 133
115 66
127 125
119 245
129 188
108 218
118 193
397 40
168 92
202 196
121 238
191 142
362 22
265 394
224 552
136 298
108 99
129 253
431 40
393 542
127 217
71 472
392 284
107 154
368 71
253 555
123 180
86 491
472 11
214 560
122 104
145 289
144 76
521 67
124 119
326 48
122 206
106 163
124 255
360 58
79 552
335 48
71 553
449 47
117 206
82 558
86 495
412 63
335 51
303 26
395 290
131 299
122 127
209 179
306 65
454 302
135 210
106 169
350 52
419 13
182 94
104 101
113 179
389 13
136 142
407 372
80 566
493 66
133 241
348 40
136 85
144 230
115 224
90 517
465 56
360 221
495 18
201 550
466 49
321 24
498 21
408 47
139 243
129 105
480 61
77 470
241 554
531 361
386 65
210 178
304 39
305 69
226 569
73 487
183 567
113 174
116 102
513 50
279 407
463 371
113 140
141 135
504 37
108 255
94 477
515 359
67 527
226 555
107 255
422 21
209 407
502 24
386 279
464 304
116 215
141 50
76 563
511 55
343 29
132 124
133 239
517 36
138 253
121 200
66 526
174 567
519 52
447 23
438 63
179 214
383 281
353 218
122 305
140 114
327 21
303 359
311 32
137 135
333 71
130 279
177 557
123 93
129 114
397 62
121 182
370 17
413 70
124 198
462 367
354 211
426 45
461 40
420 17
249 565
243 547
336 39
328 63
126 88
147 181
132 307
521 46
415 67
407 51
77 542
507 17
440 32
391 40
149 242
136 166
115 312
110 68
109 153
93 514
149 232
362 315
508 53
510 48
485 13
83 530
510 11
458 49
436 36
114 70
359 23
114 256
208 211
370 548
477 27
130 110
126 232
78 471
394 24
91 546
495 27
212 233
358 41
533 340
487 72
308 10
123 187
351 41
307 34
493 39
397 28
200 558
322 69
85 588
420 9
174 149
519 18
194 548
328 67
196 559
186 550
181 126
136 61
410 67
378 39
211 183
519 350
406 272
138 247
216 397
133 65
194 544
108 209
127 205
70 588
367 314
334 15
191 207
389 293
205 570
131 270
354 17
143 231
485 56
439 35
213 404
507 12
438 60
86 523
216 212
308 544
314 35
135 66
70 470
126 286
218 232
136 160
301 406
410 24
515 26
66 488
410 364
297 410
377 36
137 206
177 199
322 32
149 223
124 206
77 555
491 70
133 88
123 306
122 243
398 547
496 16
120 64
412 371
120 207
114 299
205 183
114 169
205 227
123 280
415 38
108 145
123 290
311 56
417 71
350 33
143 45
453 364
430 21
395 44
73 510
118 101
119 299
180 137
96 538
175 201
310 68
300 359
455 371
458 300
71 561
137 75
125 270
343 68
222 548
221 549
428 65
130 227
175 561
71 566
419 38
141 131
455 24
127 252
65 581
341 213
122 289
452 360
411 31
375 69
457 13
458 33
196 555
322 63
114 143
189 544
455 28
408 51
149 270
301 397
412 34
362 29
137 234
465 63
131 170
107 209
442 46
312 59
78 494
138 196
435 43
365 34
502 55
496 52
109 111
145 155
118 71
90 476
342 213
390 299
110 67
130 286
76 531
138 202
147 180
70 482
208 398
126 215
203 186
132 217
107 71
443 60
332 68
135 201
138 96
107 159
520 42
357 548
91 517
176 204
147 43
132 84
402 43
202 179
453 42
178 197
476 64
118 56
143 291
131 131
122 54
123 126
137 220
211 566
137 232
146 54
146 141
118 121
105 196
75 587
322 67
139 262
319 10
493 19
491 53
108 202
516 44
109 60
111 187
80 544
252 402
309 362
405 66
122 151
120 193
200 564
145 111
406 36
358 9
430 27
117 152
216 551
184 215
142 241
190 566
272 363
404 297
111 144
523 49
249 406
349 34
333 62
418 54
502 17
117 286
96 486
337 11
364 314
363 21
252 401
120 231
106 187
475 66
129 261
139 133
383 73
417 27
545 357
317 62
116 140
147 109
117 265
425 43
134 117
419 59
356 47
144 210
120 266
546 357
231 559
136 77
308 71
188 202
143 198
124 52
397 548
190 197
178 119
139 129
226 398
138 139
387 545
448 23
270 393
175 200
139 211
111 101
75 511
501 21
301 407
377 60
175 123
471 32
143 197
81 574
522 19
210 410
420 61
111 288
114 81
183 213
491 42
492 40
75 508
65 532
315 546
386 287
115 268
386 50
275 363
517 49
468 58
343 64
474 54
87 540
133 243
127 183
263 394
182 124
544 344
441 21
309 47
399 38
439 9
111 208
122 84
324 30
114 147
111 96
207 562
175 208
132 95
371 59
455 37
486 20
390 306
388 66
336 546
420 25
502 48
127 269
326 36
283 398
384 55
446 26
129 223
72 563
92 505
146 310
463 18
138 162
332 9
406 281
181 116
415 49
118 73
474 73
214 555
346 544
114 265
144 301
108 89
533 341
473 34
365 43
483 54
521 38
415 47
329 66
454 48
198 548
361 73
115 269
84 570
537 360
342 49
122 173
377 49
87 570
204 199
510 19
113 146
135 192
75 563
108 237
96 492
483 11
116 63
124 282
307 549
117 102
148 65
106 272
77 543
236 403
228 564
354 68
453 34
125 96
84 505
331 55
145 150
301 358
308 355
241 557
119 87
65 547
214 542
390 546
335 547
68 501
208 569
461 13
405 33
402 11
404 310
140 158
217 190
106 108
362 14
351 214
140 286
149 119
137 214
218 187
493 49
463 35
124 130
393 548
346 67
364 22
512 26
284 407
378 328
115 135
192 148
82 508
119 108
535 354
304 19
531 349
135 236
391 59
129 199
104 68
176 93
321 20
129 100
429 26
524 46
458 35
461 360
470 364
143 311
88 564
119 241
132 228
407 364
90 560
369 43
394 546
82 504
309 363
434 73
365 69
145 171
337 13
547 342
444 63
503 23
359 547
83 496
485 63
520 14
65 526
208 187
138 185
461 53
461 10
444 41
243 407
174 199
449 22
115 283
139 305
239 560
129 69
473 57
249 553
178 559
474 47
192 543
348 549
129 273
116 195
371 38
391 71
111 153
402 34
138 293
131 245
457 357
74 548
264 362
333 36
273 405
107 190
95 499
477 50
425 61
246 542
366 43
192 554
218 558
91 549
358 546
247 550
321 547
104 177
135 153
400 542
183 209
124 231
291 356
129 163
138 124
383 542
67 482
145 181
117 296
386 27
391 25
203 546
123 83
217 550
308 15
218 223
517 28
88 581
251 399
85 489
96 481
190 552
73 488
412 51
544 364
78 539
107 84
234 564
139 45
306 13
109 168
510 35
196 544
385 311
336 56
75 481
133 46
478 367
502 49
136 302
113 253
418 33
132 53
209 556
117 56
186 141
440 60
115 230
113 216
78 538
193 208
122 145
491 30
515 22
424 40
346 40
512 43
385 544
109 271
267 402
88 579
116 156
148 108
394 49
131 153
383 272
520 352
472 50
419 40
326 39
149 128
396 62
132 207
310 47
107 89
106 48
459 52
140 296
205 555
136 292
91 554
71 499
110 51
503 16
385 280
219 208
349 18
203 557
133 281
122 77
491 47
133 138
406 289
381 545
75 571
340 217
506 45
76 567
145 87
439 49
439 52
130 232
458 69
121 175
192 548
313 57
281 394
482 40
129 281
302 398
142 222
216 179
541 366
179 213
359 22
131 62
68 555
118 203
344 37
418 365
126 101
107 238
367 25
262 400
140 162
326 29
407 55
356 206
298 406
147 121
359 12
406 364
385 283
223 547
190 546
279 360
387 22
139 278
466 368
203 206
374 55
263 409
65 502
89 489
89 583
252 404
123 130
127 256
393 276
324 49
107 249
373 42
112 273
390 549
142 281
133 306
430 68
209 236
125 158
212 234
143 251
464 52
116 146
485 43
110 59
147 280
247 403
108 208
325 53
90 480
141 107
412 10
186 142
235 563
202 549
410 370
212 215
146 273
466 73
370 70
176 199
377 40
105 209
371 73
78 569
84 498
147 98
455 39
185 214
363 53
64 576
431 53
90 471
72 534
125 89
147 145
120 306
119 160
110 210
472 9
486 25
337 544
105 158
138 94
386 546
126 277
257 545
142 85
144 291
76 524
146 203
373 25
207 563
138 67
218 208
78 476
192 544
437 38
108 72
136 100
396 66
124 58
232 405
260 405
375 46
147 53
81 536
379 29
87 557
387 34
453 40
414 19
215 233
141 111
197 559
217 189
281 358
333 30
402 37
362 43
372 65
517 27
282 361
130 99
318 72
178 205
169 97
321 33
308 44
255 556
266 404
410 50
516 50
427 35
397 60
86 569
133 165
318 10
129 111
285 406
497 60
107 247
137 236
529 364
189 214
399 34
133 284
125 81
350 207
419 363
178 207
121 257
309 546
113 310
146 187
216 560
75 489
110 224
116 196
206 220
115 141
148 290
205 230
105 142
126 252
304 15
108 229
539 350
89 491
119 93
331 27
316 15
256 559
468 45
121 68
267 399
527 358
336 19
487 54
333 39
184 554
132 262
537 365
506 55
426 40
509 23
125 171
524 352
64 487
405 23
227 566
68 474
71 577
177 139
416 15
453 10
470 64
123 253
74 540
119 163
148 138
144 205
536 366
444 27
191 564
431 21
71 493
317 13
329 44
395 29
74 578
518 37
385 62
144 90
349 9
317 33
504 12
474 69
138 200
486 73
124 225
215 177
171 554
423 39
79 502
309 73
79 549
220 553
71 528
473 69
516 368
107 149
338 54
332 52
229 407
120 138
462 35
130 229
338 542
126 57
131 197
422 68
146 185
445 40
375 24
187 544
122 163
72 521
64 475
107 184
180 140
72 502
383 284
391 30
129 75
404 547
212 181
206 171
452 38
132 80
234 396
119 178
145 170
76 558
145 241
106 286
414 21
426 62
179 92
125 117
116 277
385 298
490 66
85 580
474 63
291 400
384 305
134 297
339 548
113 208
465 45
92 582
125 175
88 508
360 220
130 66
516 49
148 112
325 34
106 240
470 54
137 144
391 312
110 112
501 19
404 542
516 366
140 75
457 364
335 42
253 562
397 32
107 138
134 124
210 233
462 38
382 546
370 67
117 312
111 119
511 47
312 39
466 369
501 45
323 61
134 149
352 200
470 360
135 72
127 194
118 74
138 73
370 40
382 298
400 309
328 46
128 173
113 291
383 70
250 404
215 219
296 362
344 73
110 295
375 22
475 42
142 216
130 96
124 242
109 194
136 180
181 210
126 124
312 54
330 545
120 188
258 362
74 581
111 230
112 163
130 86
225 570
453 67
146 174
475 55
416 50
406 54
128 151
135 62
141 270
119 149
344 55
96 470
412 33
403 15
110 162
128 203
454 57
406 26
107 294
511 11
250 567
189 198
387 278
139 277
316 68
465 68
184 117
406 47
110 48
390 63
370 21
345 64
349 56
133 254
345 10
445 32
174 126
509 50
175 143
357 546
129 155
403 43
477 60
132 101
513 59
516 30
406 308
90 472
482 37
416 53
439 10
435 36
73 588
124 275
464 70
140 249
505 46
196 557
76 517
349 19
421 17
131 206
138 83
459 62
85 577
410 365
201 182
148 256
263 393
348 31
467 40
72 561
381 279
397 295
69 513
146 285
464 68
515 62
77 548
185 544
249 543
324 35
359 34
247 566
145 81
209 228
471 41
389 17
328 43
71 538
359 31
405 373
84 473
501 67
515 64
133 160
91 492
74 524
309 62
275 410
316 43
420 23
113 100
257 567
395 11
376 542
195 555
367 47
366 13
350 31
204 549
66 518
64 565
87 558
137 197
435 64
359 39
121 47
71 511
70 477
362 44
141 169
130 295
111 66
371 542
405 72
194 562
204 224
453 365
414 9
76 572
122 285
353 30
130 254
479 52
145 92
70 533
329 30
506 46
109 238
173 120
340 218
115 216
378 48
418 14
145 72
485 60
138 268
166 101
110 159
418 71
334 19
138 86
206 200
545 349
204 220
109 114
212 205
405 366
393 284
395 70
414 73
480 31
129 208
106 110
80 570
128 209
121 155
131 221
355 54
115 150
90 526
145 89
205 190
416 43
388 37
339 25
469 361
419 10
335 37
135 68
391 67
132 136
407 544
229 403
122 186
122 178
232 568
130 260
484 72
108 262
339 40
468 68
461 11
122 165
105 279
166 97
139 287
217 569
422 58
148 177
367 546
133 108
512 39
353 57
142 232
474 68
85 545
76 484
208 551
387 281
77 483
411 376
423 41
434 49
357 44
297 355
111 83
203 569
149 179
546 368
139 51
274 401
394 301
401 69
188 564
138 289
244 554
333 20
78 488
460 302
458 61
267 358
349 11
331 22
120 187
501 63
194 559
67 497
146 81
81 477
81 529
112 260
502 20
494 44
72 566
520 58
477 58
223 404
451 20
174 556
446 17
292 408
135 125
119 103
522 48
133 170
396 9
67 494
145 61
187 149
493 70
395 279
132 74
487 41
226 562
510 43
116 218
356 37
291 401
241 409
125 257
117 50
317 60
120 66
390 14
115 310
211 203
364 13
364 44
89 587
522 39
135 169
336 21
132 193
182 197
119 287
401 549
469 31
411 374
368 546
121 70
322 56
218 226
143 288
67 549
189 213
206 219
139 44
192 547
385 288
209 399
132 212
355 9
93 527
346 29
366 549
334 10
110 102
485 64
219 187
181 143
130 76
510 61
384 294
352 53
386 52
110 169
138 244
382 60
149 78
338 15
106 274
320 14
116 112
387 277
96 578
148 265
359 11
118 82
110 292
108 227
126 216
127 266
119 144
79 559
111 249
484 31
166 99
260 355
76 474
234 546
215 184
439 53
333 37
360 210
329 542
493 73
417 366
104 207
132 111
220 393
248 406
383 302
149 75
357 201
207 545
69 523
385 293
139 172
185 558
115 137
500 12
338 17
196 558
142 147
492 22
89 527
125 91
404 64
376 43
508 28
107 214
247 545
149 84
249 550
386 39
525 365
415 58
129 84
429 73
79 519
352 218
400 549
513 10
343 14
121 51
133 255
125 129
199 556
109 208
79 578
389 47
322 53
142 174
269 363
126 251
140 145
325 43
115 81
323 52
139 201
358 549
345 51
176 139
382 9
398 306
457 25
235 555
182 135
310 26
507 47
474 19
250 547
536 345
123 134
514 71
135 58
520 358
213 183
517 64
73 541
270 410
436 20
90 533
74 517
331 10
70 540
397 50
283 357
377 546
388 13
85 494
524 65
72 546
77 587
403 33
106 162
499 30
361 215
118 153
283 363
516 20
455 12
188 205
121 133
184 212
147 159
106 213
143 85
112 133
175 564
369 59
130 253
131 139
295 406
282 407
134 63
107 68
111 311
125 271
146 227
149 264
104 83
78 560
126 260
139 163
143 229
385 296
513 53
388 283
259 398
337 61
193 561
115 111
139 206
247 546
130 211
464 39
208 548
134 190
405 276
112 239
318 39
323 10
147 295
473 68
334 61
498 73
110 182
235 549
132 259
79 480
397 53
385 300
402 13
288 395
120 282
409 372
318 13
265 358
521 66
66 494
149 284
82 549
255 551
72 578
310 58
330 30
90 478
424 64
350 12
426 71
81 490
223 565
474 15
318 40
371 62
384 292
142 273
404 370
358 40
425 51
186 205
237 393
465 16
114 142
128 312
320 72
128 278
134 192
270 359
522 352
322 548
117 58
235 564
89 550
114 276
358 25
306 60
403 45
88 588
177 105
308 25
222 542
397 301
496 9
81 472
128 175
133 252
383 297
506 72
322 10
294 358
67 493
453 359
188 120
122 125
129 81
500 43
215 566
383 54
335 69
403 44
196 566
348 73
481 64
231 551
251 400
337 43
94 544
420 51
376 56
391 31
192 197
192 206
491 48
522 356
123 62
188 568
341 65
336 44
139 98
251 549
109 81
351 545
213 570
476 13
361 213
211 564
84 482
64 514
139 203
82 535
77 578
353 547
481 71
382 36
289 394
126 292
325 542
66 503
539 358
413 68
130 220
444 31
245 546
493 27
517 355
124 281
326 61
87 520
169 556
390 17
211 190
372 9
303 46
406 33
528 341
544 365
415 64
210 567
317 46
325 20
66 519
469 364
301 360
455 65
293 356
112 268
211 397
389 294
134 126
245 550
80 478
92 543
352 33
431 32
116 136
397 23
125 85
131 306
406 61
355 24
140 127
127 290
493 28
315 66
357 205
127 165
142 124
127 144
485 34
206 397
397 73
426 28
95 540
469 357
189 140
88 510
315 54
490 48
417 375
65 517
508 67
95 476
477 10
402 39
230 406
441 67
428 48
406 13
82 581
528 362
484 61
510 29
221 397
336 33
440 50
208 205
419 37
215 204
395 12
142 210
252 551
84 569
144 246
120 169
358 19
119 81
108 95
120 110
83 470
74 587
124 50
190 117
516 61
383 24
394 542
368 542
135 264
377 17
253 547
147 90
176 148
414 33
481 46
73 580
105 190
368 59
458 34
488 19
123 112
290 407
120 120
505 43
171 140
122 301
356 13
86 538
508 36
404 44
120 88
369 31
423 71
111 106
109 117
133 106
168 89
96 567
109 89
475 30
134 107
328 45
288 407
373 40
502 37
482 26
117 276
197 545
86 472
324 71
77 527
172 149
406 29
263 398
209 233
203 171
462 299
104 281
140 99
283 396
390 40
147 216
67 587
108 77
120 259
143 263
411 365
405 283
387 312
92 506
137 201
106 203
70 547
178 137
312 55
185 136
398 296
366 14
293 403
372 68
122 92
480 9
352 543
144 283
305 66
465 41
114 92
107 169
458 367
210 205
428 62
487 14
466 367
342 546
91 555
115 48
308 23
395 64
405 305
515 60
501 56
275 404
241 551
148 227
404 63
107 281
391 45
81 572
467 73
117 159
121 165
71 576
457 17
72 512
87 507
149 62
134 55
447 64
342 50
65 552
75 588
255 400
135 288
141 204
148 148
94 486
106 52
128 105
134 105
320 43
224 399
123 308
360 14
425 17
128 107
149 306
447 9
121 197
113 67
488 42
68 531
435 22
134 183
178 89
451 369
335 60
348 215
407 57
231 563
113 181
126 66
105 92
465 67
495 42
343 546
486 32
120 194
374 323
113 270
108 91
320 18
467 46
105 70
211 187
76 582
290 360
349 35
174 209
246 395
184 564
176 562
384 48
116 271
125 285
453 304
211 222
120 185
479 38
538 363
88 481
328 544
127 215
328 51
248 399
403 311
491 63
192 555
504 28
475 371
255 557
113 117
503 63
132 294
71 549
138 55
383 298
473 52
114 62
168 97
126 209
317 32
475 24
144 198
147 160
308 49
483 18
136 106
505 29
253 394
107 279
77 545
115 47
186 556
68 559
531 363
65 551
139 170
327 22
491 36
385 301
132 71
186 198
399 52
436 39
75 542
111 175
351 58
133 149
129 74
120 253
193 549
485 10
457 45
108 183
229 566
66 573
