64 96
72 95
69 98
70 96
71 96
71 97
68 96
69 96
70 99
39 46
18 16
36 33
48 106
51 105
57 100
55 95
20 11
47 57
78 75
26 11
91 81
17 8
44 52
76 78
17 13
30 43
30 37
39 41
17 10
69 44
19 21
19 7
89 77
75 89
53 96
31 27
42 36
83 79
47 97
24 13
52 66
42 60
38 47
52 70
19 6
22 5
19 18
17 9
90 75
19 8
45 67
41 41
83 78
39 52
67 37
36 31
36 29
20 21
37 32
90 80
30 26
65 46
81 74
87 79
19 15
88 76
74 85
32 58
31 32
34 49
77 81
48 104
51 68
43 104
46 60
40 43
76 85
60 101
40 26
23 12
42 57
40 54
89 80
76 75
62 95
30 47
46 106
30 59
38 26
36 42
85 75
52 96
84 79
49 99
20 7
36 30
23 19
62 99
56 100
32 45
33 35
33 54
45 64
35 36
50 68
33 48
76 84
41 66
42 95
78 91
22 15
32 56
47 105
75 81
48 96
84 73
30 29
34 33
32 55
43 101
33 33
44 43
32 38
46 55
34 29
34 43
41 55
31 40
50 103
22 10
65 37
46 64
25 5
75 90
49 62
32 40
80 83
37 46
44 95
53 100
86 80
79 88
91 80
54 97
37 28
42 31
57 97
92 74
40 40
37 43
45 70
79 74
40 55
82 82
92 80
48 97
23 15
23 16
21 23
79 81
21 14
31 36
76 83
18 8
73 80
39 31
90 73
91 74
39 34
74 76
43 39
58 101
42 48
19 20
47 59
32 51
82 73
36 32
42 42
23 20
76 79
58 103
81 76
63 38
45 100
61 95
91 82
19 5
81 89
33 59
92 76
26 14
39 44
38 41
32 53
41 64
32 27
79 86
66 37
43 64
85 81
33 29
58 97
63 106
67 43
36 36
59 95
54 95
73 83
84 76
56 104
50 100
33 34
74 83
23 17
45 60
21 22
91 75
49 98
59 104
47 95
31 56
62 105
51 66
45 65
44 56
37 47
74 81
30 27
45 98
55 101
42 99
48 62
69 45
78 85
37 58
60 98
37 56
43 100
73 84
36 35
57 106
23 13
55 97
47 58
59 105
86 74
47 66
30 34
44 41
79 85
42 52
24 7
44 36
63 44
33 32
80 92
68 46
39 48
44 51
57 96
32 34
20 12
75 74
49 59
30 44
47 61
75 82
21 9
31 44
87 74
58 95
22 8
31 51
74 78
24 23
51 106
39 45
88 81
25 20
21 15
48 65
18 17
88 74
21 11
85 82
92 77
80 84
59 99
23 11
24 14
41 51
31 35
18 19
68 8
59 13
130 22
34 23
127 39
70 15
62 5
131 17
7 21
127 36
68 7
128 45
16 20
128 35
6 8
128 25
64 18
63 20
132 24
129 40
11 16
14 20
0 11
128 17
129 46
8 22
12 17
129 34
132 39
128 31
11 17
4 10
134 38
33 13
7 12
13 17
133 29
70 18
63 8
60 18
70 6
63 5
128 39
17 23
9 23
59 4
32 18
60 15
68 19
63 12
60 3
12 21
2 3
0 8
1 7
130 35
1 21
130 23
30 19
2 13
133 18
6 22
5 6
67 17
0 13
59 19
62 12
5 5
32 13
134 28
126 46
130 37
69 4
0 17
30 20
8 18
131 43
32 17
126 41
68 5
65 8
134 22
67 8
59 12
7 23
66 20
126 35
10 14
130 45
129 18
3 19
128 21
127 32
66 17
10 23
6 12
3 0
13 16
132 38
31 20
131 32
33 16
62 15
66 8
31 12
60 8
133 38
5 8
133 20
129 29
69 9
30 12
33 23
0 23
6 7
5 13
129 36
34 21
4 12
9 5
63 14
36 22
30 15
1 13
2 7
126 26
9 21
130 39
131 27
31 9
130 17
8 8
6 23
0 2
68 9
10 20
131 39
11 14
129 38
34 20
31 11
128 38
10 17
1 17
3 2
128 24
2 1
64 11
2 4
31 23
8 16
1 2
127 27
129 43
67 13
129 17
70 14
131 36
62 20
134 42
129 20
33 17
134 17
6 9
16 18
63 4
43 21
44 23
39 3
45 14
35 6
43 15
38 16
48 12
49 13
47 7
34 9
48 7
33 6
49 16
39 8
43 14
48 18
40 12
45 13
43 8
41 11
43 7
37 4
38 11
46 23
43 13
35 3
40 7
44 10
47 9
36 7
45 23
48 22
39 16
47 19
33 4
44 19
36 12
33 7
46 16
37 10
37 9
38 5
46 8
37 7
48 16
46 13
71 115
76 6
82 10
74 2
83 13
87 13
75 9
73 5
76 8
78 7
79 7
80 17
83 22
81 21
82 5
77 116
80 115
83 19
125 52
84 8
121 55
77 113
118 51
76 4
125 49
74 10
82 3
74 14
77 1
82 17
81 8
121 48
79 1
67 114
82 16
76 19
76 1
119 54
81 6
85 6
67 116
116 54
126 54
85 3
79 19
77 4
76 5
116 53
87 17
118 55
71 116
78 1
86 8
78 5
116 48
74 15
80 11
123 53
77 7
73 3
75 18
75 22
72 114
120 48
74 19
82 4
80 14
82 11
81 14
83 14
124 55
116 49
86 10
86 16
84 4
76 15
75 11
82 2
75 12
118 52
83 17
85 16
79 114
82 20
84 19
73 16
120 51
116 52
117 48
74 5
87 9
73 21
125 50
83 21
76 10
75 21
104 64
108 73
105 68
58 30
113 57
101 61
104 61
55 35
53 33
52 35
108 68
103 58
102 66
49 28
107 73
104 80
58 32
46 33
106 66
57 26
67 29
63 31
52 32
105 74
99 62
103 74
107 64
109 59
98 65
106 74
107 67
53 32
51 29
101 73
68 26
102 58
50 34
70 26
59 34
99 69
108 60
102 90
113 62
109 70
105 70
103 76
100 57
96 79
105 73
98 67
106 63
106 76
100 76
101 78
99 93
47 34
71 34
100 80
99 64
58 28
55 30
51 32
69 33
100 85
112 59
56 30
53 35
100 58
114 59
103 61
71 32
64 35
103 68
66 33
109 65
54 31
64 32
100 84
99 81
97 80
67 28
100 91
70 31
48 26
110 69
97 81
69 29
101 69
48 34
98 66
103 79
100 82
101 80
95 79
65 32
107 69
103 67
50 26
104 69
58 26
110 64
110 91
101 76
104 67
109 73
60 35
98 68
45 27
98 70
110 73
103 62
44 28
55 33
111 63
109 91
56 35
101 83
59 31
100 79
45 28
45 29
67 30
61 32
105 80
99 80
47 28
107 68
98 79
71 29
59 28
50 28
70 35
110 89
54 34
97 77
59 35
98 81
56 31
59 27
106 78
43 26
109 66
67 35
101 84
107 61
95 73
76 109
76 110
74 111
72 110
78 111
52 134
56 130
53 127
45 132
42 127
51 137
45 129
38 126
56 133
47 139
45 124
53 129
36 135
43 133
40 133
54 134
42 133
59 132
59 136
45 126
52 129
54 131
40 122
46 138
36 124
42 128
52 139
43 138
43 128
57 129
37 137
58 125
45 138
42 139
53 137
33 128
58 122
49 137
58 128
56 135
46 135
53 133
55 130
59 137
40 131
34 129
36 136
55 133
41 134
39 123
44 135
53 121
55 129
49 126
55 125
50 122
37 133
41 127
39 125
55 126
41 132
35 124
46 129
38 130
46 134
50 136
34 128
37 132
38 132
55 131
54 122
51 121
39 121
44 125
38 136
50 123
37 128
56 127
59 123
57 132
40 123
51 133
38 138
44 130
56 136
49 130
34 125
45 122
49 136
48 130
50 128
40 137
58 130
48 132
36 132
61 23
68 23
69 22
65 23
33 73
43 83
35 86
29 82
56 76
140 34
35 92
137 32
56 88
54 89
60 90
56 74
47 110
60 92
47 93
40 75
64 85
54 78
52 74
7 29
51 93
138 45
139 31
39 79
137 35
51 84
59 86
57 76
13 31
51 78
41 87
53 110
59 109
37 86
39 84
141 28
43 108
37 85
58 85
49 89
39 89
68 89
41 82
29 74
69 88
56 83
48 74
43 80
58 83
63 86
44 90
43 93
53 75
65 89
6 29
47 86
40 73
56 78
46 90
6 32
57 73
59 87
64 78
55 73
60 77
35 75
37 91
65 81
11 30
141 34
14 28
62 84
33 76
42 88
63 81
44 110
143 28
47 74
37 81
54 83
41 89
33 83
140 29
39 91
48 79
35 91
40 74
50 85
140 41
41 92
54 90
65 91
49 93
38 75
33 86
65 88
61 79
50 91
38 74
139 42
57 80
44 82
34 82
48 82
53 84
36 88
59 110
63 85
51 90
67 88
43 89
45 92
50 93
50 87
138 46
64 81
9 28
39 73
56 73
51 82
66 89
50 79
62 80
45 73
62 93
39 80
51 110
37 76
30 74
34 83
36 84
54 84
47 108
49 80
56 108
42 110
59 77
140 38
45 85
39 92
60 75
38 78
58 76
69 91
46 75
48 86
36 73
36 93
41 84
45 93
61 87
58 93
29 76
45 75
70 93
70 92
44 91
30 75
40 76
53 87
49 85
44 89
64 89
50 89
60 86
45 110
37 84
57 110
35 88
64 84
31 73
46 85
138 43
63 83
138 42
63 78
59 85
58 81
46 93
33 74
42 75
32 87
138 35
42 86
51 109
64 86
59 93
67 90
40 90
71 92
58 79
43 109
59 84
44 75
75 57
43 116
108 29
17 117
6 102
114 43
63 56
94 39
61 40
60 53
74 35
88 38
102 43
105 44
2 110
114 53
91 55
78 44
3 117
114 32
48 112
88 58
1 102
12 106
88 45
82 69
13 115
11 101
72 65
97 28
52 116
98 41
40 112
48 115
88 60
74 66
69 74
95 40
56 54
53 113
78 36
71 59
92 51
82 66
110 33
2 98
50 40
11 109
13 110
13 112
100 54
5 103
12 112
8 106
15 116
61 45
102 51
81 56
74 67
69 62
59 113
81 48
60 39
91 41
55 38
67 74
19 117
97 32
109 44
77 57
51 39
104 37
58 115
90 37
100 43
114 38
101 49
72 61
100 46
74 61
46 116
93 68
40 115
60 44
73 46
92 38
109 54
11 106
7 111
93 53
16 117
96 38
111 54
84 38
96 46
18 115
55 41
71 64
60 51
70 74
98 52
97 48
62 55
4 97
95 26
8 105
114 42
106 49
95 57
99 40
55 115
108 49
87 60
15 104
58 48
95 44
0 106
99 45
102 55
50 115
85 56
109 43
78 31
108 27
86 56
61 59
97 53
16 114
101 40
12 110
66 64
81 31
64 65
9 111
93 52
99 33
94 30
89 67
101 39
105 54
82 50
86 65
84 52
94 57
18 111
4 104
59 60
94 55
113 53
54 112
101 25
96 45
81 30
67 50
3 116
81 66
103 50
68 67
81 40
81 36
113 37
110 27
68 73
95 37
17 115
110 37
71 73
74 40
97 43
87 40
3 104
84 50
12 109
92 61
77 37
13 100
98 27
77 42
103 39
80 35
61 44
60 45
16 110
55 51
81 44
91 64
83 45
93 32
94 28
0 105
80 46
86 39
93 46
80 63
106 53
63 68
96 36
64 56
81 67
108 44
81 58
107 37
71 77
112 48
3 109
97 52
113 34
105 42
102 46
110 44
107 36
60 49
65 65
112 34
112 30
86 52
69 58
79 49
60 61
10 101
104 29
0 109
1 117
60 57
83 57
110 26
78 60
69 51
67 73
103 53
88 34
3 99
69 73
106 35
78 42
2 112
106 45
95 35
17 102
77 66
15 101
83 31
113 54
91 43
104 25
107 42
105 29
9 104
16 104
82 54
87 65
66 55
114 31
71 61
85 58
79 69
73 60
73 38
55 52
73 59
105 36
108 25
99 48
104 51
42 115
111 48
92 58
98 43
95 51
92 44
76 37
9 101
73 67
110 48
93 49
111 36
92 70
11 100
99 55
55 46
89 52
74 58
58 37
80 58
41 112
95 54
79 66
76 62
17 109
4 107
103 41
50 114
93 61
76 58
106 33
46 114
66 57
5 108
91 32
74 69
78 66
100 39
93 40
53 48
79 35
79 44
111 35
69 70
105 37
58 57
13 97
95 46
0 107
79 34
84 36
63 48
7 108
75 42
106 30
80 53
78 69
20 116
5 110
1 98
87 31
91 58
90 45
79 62
68 74
61 112
86 70
105 51
79 54
110 40
86 45
84 39
54 113
82 56
107 26
85 32
93 50
81 68
102 34
59 112
108 52
42 112
102 42
64 55
43 115
90 66
52 46
111 40
60 113
106 39
12 102
74 32
59 38
58 38
55 117
93 31
78 43
75 43
114 40
96 31
77 30
105 28
10 116
8 115
84 32
4 112
7 113
79 67
63 65
86 49
77 59
8 98
94 48
58 47
94 70
103 44
89 53
100 32
65 58
93 63
20 111
97 46
74 33
107 49
7 112
83 36
70 54
96 52
8 112
62 51
100 45
4 105
93 51
89 39
112 26
91 70
14 107
105 35
103 27
88 57
89 59
93 65
55 45
96 28
62 39
62 62
100 52
5 102
107 54
107 52
16 112
104 41
44 113
68 65
112 25
0 101
75 64
96 51
64 49
89 32
9 108
77 62
6 105
57 43
2 106
103 34
53 46
2 114
91 37
1 113
82 36
89 43
106 46
17 106
97 27
46 112
90 35
78 35
112 55
1 109
97 49
69 57
87 34
64 68
92 31
9 112
0 112
114 54
86 63
90 57
66 56
11 114
76 41
96 50
52 112
80 42
86 40
92 68
66 61
67 52
98 25
47 113
81 57
57 40
19 110
94 32
85 66
52 43
105 49
62 48
19 111
60 112
63 60
64 63
102 35
53 114
104 49
14 97
103 51
43 113
84 46
15 112
88 56
107 29
17 112
87 48
78 39
20 60
26 59
18 67
25 67
26 52
22 57
14 38
13 36
23 54
10 38
15 64
16 54
55 20
19 64
9 43
25 39
52 7
18 64
18 65
56 21
57 9
51 9
10 37
21 37
22 63
52 20
17 38
55 18
9 38
15 36
19 56
18 39
12 40
22 61
52 10
9 44
52 14
27 67
19 60
15 62
18 57
56 14
6 41
11 37
24 58
22 37
11 38
19 41
6 37
52 11
27 65
26 56
25 62
15 42
56 4
16 37
54 20
3 32
20 37
52 23
15 61
56 22
10 45
21 68
20 66
27 63
55 9
11 56
12 55
25 55
5 37
26 67
24 65
19 69
17 54
8 42
24 56
21 36
55 13
14 44
9 37
10 47
12 60
5 35
55 6
53 9
25 53
16 43
13 43
15 57
51 23
11 43
55 5
57 11
23 38
24 55
23 53
9 48
22 36
54 7
13 57
20 70
57 10
54 3
21 38
26 62
22 62
23 64
57 5
18 69
19 52
55 21
52 8
7 41
25 66
25 36
52 6
18 40
120 30
122 39
122 37
119 31
122 34
123 31
122 30
117 35
121 28
118 43
123 28
123 39
120 33
123 23
124 31
122 24
122 23
117 36
118 40
123 24
120 27
124 38
121 38
118 35
121 32
122 44
124 46
124 19
124 41
118 30
121 21
121 44
122 29
121 35
120 29
123 25
124 29
117 34
122 36
121 31
122 41
122 126
122 103
117 86
127 100
126 100
130 121
138 86
131 85
125 92
11 120
33 102
36 112
130 92
34 107
138 92
119 113
126 125
32 103
122 104
135 91
38 104
118 119
120 123
30 98
34 98
138 105
37 116
37 112
118 90
128 119
122 101
121 125
138 95
126 116
125 113
118 97
18 128
138 88
134 116
125 121
117 87
126 121
131 96
22 129
120 124
135 110
117 114
13 121
36 113
136 100
129 103
19 126
29 106
128 85
124 90
22 128
136 119
13 120
121 94
137 115
124 121
130 90
125 100
122 100
9 122
117 89
128 110
38 116
127 88
119 94
118 115
121 117
37 100
33 109
10 127
121 114
132 109
16 128
129 117
124 125
125 101
138 117
138 119
119 112
125 110
119 101
130 88
118 109
138 104
120 94
36 101
135 112
29 109
133 100
33 101
132 90
13 123
117 119
128 84
133 107
29 105
125 106
137 87
126 112
18 126
120 97
129 90
125 94
129 111
134 100
120 122
117 93
12 122
118 114
127 109
120 101
9 121
134 97
122 102
118 93
29 100
132 121
137 112
122 107
124 94
137 99
117 91
135 105
132 117
123 106
120 112
126 101
137 117
135 115
119 92
32 111
38 109
124 91
124 87
121 122
123 113
31 112
135 94
127 116
136 103
117 102
134 121
130 97
128 90
29 97
35 105
128 118
134 107
11 125
134 89
33 98
121 98
11 122
124 104
30 115
31 119
136 84
129 116
133 84
137 92
123 109
129 118
127 112
131 102
132 113
30 109
122 125
119 118
134 96
29 119
38 111
135 97
34 117
35 109
11 123
117 96
123 87
35 107
31 116
121 116
129 125
138 87
132 89
123 108
129 84
20 128
35 112
122 106
122 99
130 105
30 99
137 110
124 86
119 115
37 109
138 102
136 108
136 96
121 109
128 88
35 111
125 122
124 122
127 105
131 120
127 87
130 86
124 112
133 89
134 86
15 129
122 114
119 89
138 114
137 106
130 95
13 128
131 101
138 90
132 112
128 124
133 97
125 84
122 97
30 107
126 123
127 107
37 101
34 110
122 93
18 123
30 118
119 105
135 102
38 112
136 107
12 124
124 123
37 117
127 90
35 108
117 99
129 97
117 108
134 92
122 115
129 124
35 99
2 87
25 29
24 27
6 78
23 29
5 77
5 79
1 74
27 32
0 85
27 26
7 86
10 86
25 33
10 84
2 93
3 72
7 83
1 78
9 76
9 73
20 33
21 30
8 73
11 87
2 76
3 92
1 82
19 29
5 88
24 33
8 75
5 80
12 94
19 33
0 83
10 92
10 81
21 32
2 91
10 83
24 28
10 90
1 94
4 86
2 84
26 26
11 90
1 76
4 73
8 94
9 75
18 33
8 77
8 84
9 78
2 86
17 32
22 30
9 79
18 31
7 73
21 33
13 94
1 85
3 85
10 77
4 91
11 81
0 75
23 32
1 93
23 26
0 90
4 77
12 92
8 89
23 43
15 45
24 50
19 46
22 49
17 51
23 42
20 49
18 51
20 45
22 46
23 44
21 46
20 46
16 47
15 52
25 48
17 50
