362 368
379 184
308 317
219 334
492 206
326 333
419 176
521 268
330 311
530 259
419 179
500 205
371 164
488 206
383 167
527 240
274 207
250 331
393 202
444 236
429 342
376 182
366 178
284 329
467 400
505 199
531 226
430 338
421 334
315 313
518 247
362 287
234 330
242 330
383 162
325 322
440 236
375 157
390 194
529 228
268 191
240 184
269 208
266 207
514 179
415 201
406 346
368 155
412 162
379 166
456 183
428 342
304 316
429 326
329 318
242 321
525 231
267 195
407 347
229 316
391 184
285 281
383 193
431 343
285 287
382 180
417 189
409 179
376 186
243 196
390 177
451 189
317 331
384 188
408 325
394 190
415 168
494 203
442 239
433 194
543 233
370 167
314 327
432 239
211 257
451 134
410 176
388 195
286 164
399 199
417 346
336 324
429 337
422 333
491 201
242 319
311 327
282 328
509 181
314 302
387 193
221 327
522 266
402 223
522 252
402 161
319 301
413 169
330 371
385 189
411 326
229 333
243 202
485 200
420 340
428 343
245 332
538 267
451 185
279 202
344 149
248 321
540 234
412 198
420 342
524 257
537 260
234 312
530 249
388 193
373 194
410 188
314 317
321 327
410 346
493 199
374 179
250 330
419 191
382 201
499 201
498 206
274 194
421 342
505 203
544 248
448 242
237 315
324 321
224 318
369 184
518 253
409 190
397 178
521 238
536 246
235 313
303 313
252 327
313 187
288 324
412 337
494 202
332 333
324 315
446 194
385 188
330 324
531 225
432 235
442 182
282 331
272 250
526 255
430 330
413 344
376 196
228 333
400 201
263 247
396 202
221 293
371 157
274 202
336 322
326 315
523 265
265 247
523 249
402 159
404 169
308 322
486 201
412 188
468 404
384 160
420 328
538 227
398 194
520 250
333 372
404 183
461 132
320 326
429 332
399 176
534 238
313 313
414 342
324 333
402 196
399 194
345 155
429 347
416 334
332 303
243 188
463 132
323 331
289 287
494 206
270 207
400 197
397 172
399 155
253 247
492 197
423 332
401 156
379 194
325 302
245 331
413 183
411 168
502 195
544 232
380 173
322 322
546 232
276 204
372 193
330 318
455 133
531 240
279 203
241 318
334 310
290 332
389 161
406 343
227 329
273 199
421 341
251 334
252 335
313 327
530 240
447 243
317 330
237 314
399 203
382 175
543 245
393 173
299 321
288 323
413 340
398 180
381 195
236 307
520 257
381 159
539 250
312 187
409 188
544 266
412 159
367 201
365 372
456 182
433 239
516 172
483 206
420 345
429 336
257 249
495 289
533 256
419 325
507 194
320 332
453 183
273 204
237 318
378 179
241 321
423 342
456 189
393 201
309 333
211 260
425 332
272 208
492 200
418 188
388 199
497 290
415 172
377 174
241 333
368 201
421 349
412 174
236 321
514 172
522 238
415 175
448 243
394 162
302 330
390 161
461 135
225 308
545 265
226 330
447 188
389 185
420 346
418 348
334 372
305 316
212 256
507 205
523 270
372 158
439 194
397 199
370 168
368 189
371 168
391 175
414 344
392 185
525 253
315 318
314 309
316 318
380 188
545 262
401 191
391 194
412 192
235 308
241 319
428 324
526 263
530 229
418 187
332 329
313 331
406 183
378 193
535 260
492 204
240 329
336 327
231 333
377 162
407 344
398 201
309 306
330 309
288 287
429 335
328 333
319 323
403 349
432 183
508 199
403 167
496 286
240 331
231 312
448 186
244 319
387 182
389 203
446 193
544 239
443 242
298 314
403 188
277 192
529 225
397 167
325 320
411 185
419 202
259 250
420 349
421 350
406 342
287 326
444 189
433 343
294 325
540 269
509 183
491 206
529 242
386 184
403 330
409 329
454 193
510 195
411 162
390 167
521 254
420 335
292 287
406 324
433 340
270 192
210 281
507 202
367 369
411 345
403 328
288 279
291 329
267 206
434 239
514 183
534 249
431 340
315 326
411 172
370 190
411 336
394 196
482 200
409 168
316 188
538 250
303 315
426 341
527 237
546 258
524 268
392 174
314 306
417 347
415 341
302 324
299 313
272 200
521 237
491 197
243 187
252 322
399 201
538 264
441 191
521 269
238 331
373 162
234 335
369 197
384 184
237 322
416 163
419 330
343 150
396 161
396 177
316 321
377 202
415 340
415 335
312 318
438 243
456 185
307 320
390 155
310 317
406 172
335 326
524 249
541 230
432 334
521 239
395 188
422 342
418 197
301 327
401 184
228 313
356 369
235 310
481 205
534 252
411 160
366 180
390 185
385 178
405 182
518 241
399 200
425 330
333 319
417 176
299 315
237 321
236 327
265 249
251 322
245 319
435 238
220 291
401 165
405 344
275 246
417 334
546 257
239 322
541 244
309 308
424 350
419 197
399 185
326 301
397 200
300 333
526 266
316 308
294 319
441 193
416 160
416 189
449 193
468 395
305 326
299 319
419 174
439 184
442 184
331 369
433 183
381 157
247 325
490 195
495 194
538 262
307 319
313 304
222 291
306 318
286 330
309 328
310 301
372 182
405 168
209 253
366 182
531 239
308 313
539 261
535 246
408 163
543 261
212 257
427 334
524 253
524 267
291 279
289 331
418 201
334 317
239 312
226 325
538 254
431 342
332 327
320 302
486 196
385 185
222 327
326 324
235 316
266 209
414 338
528 228
366 186
371 177
213 252
223 307
329 312
441 241
387 173
399 173
384 163
368 160
542 260
229 309
275 264
408 186
318 322
376 199
410 160
519 250
543 270
331 322
373 169
225 329
271 206
220 317
444 239
398 188
383 199
285 342
249 333
273 201
362 372
433 334
544 228
303 328
410 165
404 180
411 347
278 203
384 185
374 194
378 173
322 317
329 322
258 247
409 194
373 187
298 327
254 247
294 284
487 198
400 175
382 185
514 181
319 310
404 335
296 320
239 310
529 266
311 315
417 342
418 163
538 248
318 309
304 315
373 158
543 253
413 196
487 200
290 330
386 175
484 206
240 322
435 236
371 179
406 202
334 327
396 199
510 196
369 196
437 191
408 348
267 248
526 259
405 203
518 238
323 333
249 318
395 171
416 186
532 260
388 184
408 344
538 241
417 175
375 180
523 251
521 248
427 345
416 181
379 165
401 192
413 159
239 329
522 265
409 324
314 320
404 185
523 250
443 243
422 328
413 165
521 253
481 196
490 206
392 196
412 181
382 160
449 243
462 135
311 303
242 317
526 237
282 329
326 314
295 320
381 169
427 340
414 330
412 173
414 191
439 235
273 207
418 158
423 339
320 310
242 320
299 329
241 324
313 326
400 164
455 191
405 185
295 321
515 175
324 330
305 328
418 181
309 310
546 226
546 250
333 370
494 196
386 156
417 199
399 169
369 157
435 185
493 288
395 157
526 230
242 202
224 331
251 327
405 327
466 390
468 388
333 312
284 331
319 327
445 189
532 245
284 286
236 324
539 236
453 131
536 268
531 249
488 202
374 183
535 231
242 187
277 203
375 192
431 243
489 206
514 176
528 245
252 248
406 163
414 194
534 225
368 193
405 172
332 320
396 160
393 192
303 325
320 322
266 199
230 329
428 330
233 325
509 174
392 179
432 335
540 230
417 159
275 207
264 245
322 331
384 198
371 162
342 155
377 183
419 172
384 176
388 188
420 348
247 329
325 308
330 313
530 255
307 316
525 267
405 157
230 309
264 247
531 236
435 183
398 192
404 191
490 200
518 172
318 312
232 322
373 196
495 196
287 284
411 192
491 289
399 179
508 201
335 308
373 195
318 305
361 286
391 163
450 188
231 320
527 262
541 251
540 253
413 324
468 390
536 225
455 186
329 306
371 191
324 328
527 244
231 308
428 329
307 266
438 182
382 163
408 159
312 188
284 340
523 247
265 197
532 225
308 267
542 234
385 163
369 162
409 175
374 201
223 313
521 251
545 263
494 205
428 328
406 158
375 191
385 199
431 189
382 190
533 235
448 236
246 330
358 370
403 168
237 308
419 344
540 257
418 350
241 192
529 249
483 200
506 198
344 147
417 332
408 198
449 186
209 264
506 197
312 311
357 289
396 159
236 334
224 310
226 312
434 183
392 190
388 168
213 264
374 182
525 228
410 189
494 288
304 319
496 194
388 171
302 319
396 201
412 200
504 203
401 173
235 312
299 316
371 180
434 243
451 243
312 191
449 190
368 182
323 308
324 303
518 178
530 253
520 261
368 180
224 322
274 199
456 192
387 192
387 167
289 283
409 170
374 195
265 248
340 151
340 152
441 242
382 187
498 290
243 184
315 324
329 371
369 186
389 178
294 328
537 257
396 166
544 270
336 306
302 313
244 328
318 301
380 183
410 344
414 189
386 190
444 237
469 401
227 322
544 252
374 193
386 160
324 311
411 324
335 301
543 254
530 228
306 322
412 183
412 172
386 183
300 330
438 184
493 198
410 163
211 259
416 171
390 157
408 347
418 338
526 244
425 342
387 174
325 306
416 330
378 201
241 191
535 270
395 187
339 152
290 282
398 167
438 193
526 251
399 191
423 347
516 177
519 263
311 308
377 190
403 174
435 237
426 338
396 168
383 202
316 307
231 322
523 244
293 327
316 322
528 232
263 246
273 248
376 198
419 165
332 308
385 193
455 135
249 328
402 180
362 285
296 326
381 171
525 232
394 195
414 166
343 151
383 169
290 284
511 173
402 202
412 341
299 324
448 194
333 332
314 187
362 288
497 198
211 278
405 197
365 369
389 197
334 326
318 331
339 154
298 322
515 181
313 320
243 199
510 173
417 188
448 239
234 327
389 191
538 244
224 334
397 202
415 191
327 318
273 267
367 165
445 194
266 196
410 197
286 325
415 179
332 321
380 191
242 329
294 314
237 324
412 175
415 333
326 306
366 197
540 245
531 232
328 325
396 197
283 330
521 259
408 182
509 197
231 325
406 159
394 187
395 196
467 396
289 327
411 344
372 196
382 172
430 337
379 157
284 281
527 242
410 185
276 247
307 267
226 329
333 373
228 315
499 197
245 320
541 232
244 326
441 236
398 158
432 241
537 234
416 349
385 195
533 268
445 191
433 324
486 200
499 205
246 334
295 331
275 249
453 191
392 162
417 190
355 370
443 188
414 168
442 187
513 175
540 225
243 330
423 335
409 184
427 341
306 320
543 228
540 250
540 248
398 203
332 318
493 197
232 316
536 256
418 172
394 155
533 245
395 172
301 316
415 346
518 254
329 320
428 350
496 205
379 186
427 342
390 178
506 203
445 183
391 168
388 190
495 290
414 333
411 331
394 185
406 330
250 326
467 403
274 197
276 195
433 190
213 255
310 268
378 182
525 252
408 195
220 321
329 303
545 236
394 203
414 181
265 202
417 161
534 255
509 201
322 329
326 309
414 185
375 189
234 320
543 234
535 247
410 173
541 233
406 165
241 182
283 323
506 201
231 313
362 369
498 196
545 228
371 188
525 250
238 330
245 330
533 255
492 290
266 200
219 315
523 261
433 236
394 156
374 185
425 341
393 164
293 324
403 172
266 204
219 310
229 310
388 194
267 196
545 269
405 325
408 181
241 307
311 319
374 190
452 132
382 179
416 202
485 205
517 182
321 302
234 319
467 390
545 261
242 331
519 181
305 323
335 302
325 311
324 324
375 199
412 186
329 330
378 172
316 309
242 335
433 349
363 368
405 167
434 185
336 310
287 279
444 182
407 172
379 171
375 169
432 346
291 325
403 227
522 257
386 178
381 184
375 175
541 231
416 331
370 158
253 245
320 316
383 158
486 202
372 203
416 157
383 190
292 328
431 336
211 262
408 173
331 368
418 337
404 222
286 163
370 202
366 164
273 190
407 343
519 172
309 332
308 326
446 185
541 241
321 301
538 266
295 327
334 324
402 201
385 203
380 160
403 194
225 324
333 311
371 194
523 264
415 347
328 316
427 331
416 338
386 157
408 328
412 177
370 178
362 373
386 180
407 324
276 197
283 340
525 234
387 183
325 315
510 197
290 287
390 200
410 327
507 207
443 191
266 247
540 268
290 329
385 176
243 194
469 402
419 200
545 259
434 187
395 176
311 328
294 281
401 179
527 263
322 314
242 327
335 325
448 189
276 192
466 401
414 161
275 196
492 287
525 225
538 263
314 190
392 191
403 224
299 314
332 331
378 162
234 317
243 182
310 309
251 320
241 317
396 175
382 162
416 182
321 314
393 167
438 185
321 326
342 153
509 179
295 326
488 201
311 312
371 163
209 262
220 308
504 205
374 171
235 311
224 291
389 195
410 182
419 328
303 332
402 166
297 315
379 202
230 323
527 264
393 182
493 205
330 303
404 200
454 131
545 234
340 147
251 318
533 231
405 155
410 328
413 194
509 176
239 317
488 204
386 187
502 207
441 237
387 189
236 323
335 310
211 253
532 254
418 168
412 190
356 368
361 288
226 317
406 155
323 302
408 193
295 329
388 160
243 190
510 177
374 188
541 245
543 240
534 265
387 155
283 339
241 190
417 163
539 269
500 200
292 283
511 183
342 147
533 252
373 185
313 301
442 236
519 175
538 239
224 312
392 165
229 329
366 193
232 325
237 312
274 247
325 324
486 205
312 304
392 180
369 159
211 255
397 157
275 198
390 179
308 316
367 158
394 168
226 319
222 325
396 188
293 283
379 173
293 280
220 310
302 317
400 182
519 252
386 188
368 166
399 166
274 265
326 320
380 201
374 170
363 289
378 184
392 188
222 315
271 203
432 342
515 172
335 333
332 315
402 225
375 168
319 307
439 191
407 326
374 155
294 323
400 183
261 250
425 333
375 202
371 190
297 324
521 247
243 322
392 169
483 197
391 164
463 133
440 187
383 195
430 342
316 310
316 331
242 308
303 317
317 333
411 190
227 311
383 186
326 325
518 251
389 198
275 190
405 165
540 244
524 269
433 240
408 345
544 225
324 309
321 306
239 314
279 199
546 254
435 190
313 303
329 313
410 348
287 280
367 166
285 325
334 371
481 201
220 292
417 336
371 175
235 335
411 175
378 160
375 181
409 171
322 323
296 325
242 200
273 246
307 323
313 322
419 169
531 260
527 256
228 335
284 283
388 180
406 344
527 267
409 174
305 321
406 162
413 199
317 303
504 196
456 194
227 328
418 161
397 168
413 180
403 350
295 333
411 173
431 326
335 313
333 368
395 166
518 239
466 399
239 326
369 189
418 198
226 311
406 185
380 171
332 332
533 251
373 186
505 197
240 200
417 198
525 269
273 206
242 195
533 230
432 336
404 345
258 245
532 268
249 332
410 177
378 192
327 317
243 327
378 171
242 325
375 172
393 157
386 185
404 168
542 230
413 198
300 325
380 199
227 314
546 268
317 322
379 162
543 225
223 293
527 248
408 179
327 328
418 347
372 178
407 181
433 347
519 237
236 314
379 159
275 205
268 248
537 262
543 236
538 256
533 247
403 166
518 263
244 320
247 323
220 316
367 186
430 334
238 332
402 168
274 196
233 314
380 157
540 266
237 326
265 198
225 307
453 134
380 167
299 318
530 241
531 258
398 202
410 335
512 179
272 192
413 161
407 348
540 270
366 201
511 181
531 229
270 196
227 323
542 267
436 241
326 327
394 183
293 284
265 209
543 266
270 193
447 193
375 187
334 312
221 323
243 192
384 187
335 328
290 325
317 306
372 159
366 159
366 161
382 189
268 207
249 335
313 332
400 157
266 195
219 318
419 324
422 336
323 306
525 226
396 193
249 321
518 183
429 327
395 193
431 193
334 331
278 204
329 301
359 373
240 307
292 324
413 162
369 173
328 327
360 369
409 185
269 245
222 313
267 209
526 245
376 176
531 244
403 157
405 343
524 237
384 173
418 155
235 322
333 304
469 403
508 197
358 371
432 236
370 186
519 238
390 170
288 281
413 195
536 263
321 310
373 163
233 308
322 321
452 133
492 196
400 200
434 237
464 131
356 372
401 186
500 198
442 191
534 270
392 163
260 250
531 262
320 323
411 161
539 239
328 315
241 316
416 340
517 178
481 204
395 175
457 133
539 237
526 267
370 184
396 167
423 331
533 233
489 194
533 232
388 174
223 314
318 330
489 196
435 235
288 286
482 205
359 286
367 178
331 373
441 183
414 196
225 330
288 325
316 325
291 331
419 185
419 350
401 162
259 246
428 339
489 200
321 324
298 318
541 235
273 266
446 240
275 250
540 239
454 182
241 200
271 208
503 204
533 229
377 177
243 185
423 345
223 329
335 317
546 244
318 304
542 265
234 323
545 256
415 160
393 160
521 240
373 183
422 332
531 267
393 171
538 236
236 329
245 335
209 261
223 311
544 260
537 238
311 318
529 268
414 180
324 317
452 185
381 175
313 190
534 244
436 184
385 177
485 194
399 158
416 337
370 155
503 205
335 332
231 311
376 160
249 326
366 174
387 159
497 201
242 309
510 174
414 201
312 190
414 155
286 287
262 247
531 235
319 332
413 166
314 333
511 176
418 325
459 135
303 314
545 241
108 170
437 15
126 246
359 43
228 553
443 51
425 45
432 14
185 119
533 365
444 37
144 289
119 98
131 257
113 240
68 539
145 156
239 553
112 254
216 213
316 26
180 104
123 135
117 75
513 47
67 541
527 359
76 540
120 117
76 482
284 361
381 17
147 276
394 66
182 136
345 25
389 28
126 174
81 582
361 70
66 553
112 175
148 251
121 229
403 300
369 545
125 137
89 565
490 33
96 514
114 183
414 47
137 230
448 30
512 22
67 499
77 487
188 545
140 155
511 48
328 60
423 67
359 62
82 496
516 67
119 152
360 26
485 70
183 556
421 29
461 31
324 50
312 356
202 198
121 99
142 307
339 217
136 201
202 223
302 360
399 22
547 358
110 134
356 66
138 103
349 45
372 322
326 20
349 37
96 490
113 112
111 293
120 100
498 42
465 364
126 78
530 349
370 10
95 473
92 475
141 312
315 11
370 59
417 27
385 44
137 68
133 156
538 364
147 256
79 504
327 19
244 400
238 558
499 61
73 515
502 46
144 199
145 234
515 37
403 288
139 273
476 24
306 63
460 370
141 159
105 297
93 473
68 584
140 220
90 480
253 567
76 559
252 568
136 241
120 73
392 36
316 23
444 24
127 312
127 246
149 258
340 10
490 51
72 511
204 217
363 54
106 166
187 127
113 42
312 23
113 59
106 118
327 21
237 403
130 225
65 512
121 60
80 581
115 223
310 548
284 397
145 247
135 301
336 45
139 224
143 280
454 56
336 52
193 143
174 147
125 218
84 539
313 55
116 294
139 140
486 35
211 409
417 64
399 289
402 288
130 297
498 22
456 71
142 98
494 61
217 206
212 405
518 60
106 191
404 71
108 143
246 553
510 34
94 526
292 398
379 70
472 53
235 563
505 10
487 65
374 23
328 14
359 40
88 495
141 193
350 36
391 70
502 41
508 10
432 30
166 91
116 161
423 42
522 20
134 209
488 18
308 52
205 176
450 41
311 356
437 9
526 355
419 20
363 16
411 35
352 206
507 73
123 202
330 11
349 31
115 52
303 399
118 272
129 148
108 187
361 21
139 247
398 295
77 588
260 356
143 81
135 100
140 114
73 479
228 407
125 189
93 536
372 58
89 572
427 20
190 556
444 35
179 144
190 139
132 267
92 531
420 30
534 354
417 40
77 564
337 54
388 309
481 59
227 545
537 362
111 122
464 368
174 127
373 51
86 480
131 309
357 215
147 207
254 551
212 206
118 46
335 38
134 256
403 56
383 21
354 68
337 60
128 125
482 16
118 184
140 84
190 552
504 18
145 107
190 208
546 344
142 245
149 273
378 38
383 288
149 165
214 546
174 554
257 362
218 232
478 41
462 62
269 402
325 14
85 492
113 128
142 69
226 550
208 208
408 373
137 103
185 557
111 102
134 161
459 53
137 281
259 402
82 501
131 125
92 502
106 117
500 14
515 50
294 356
417 39
312 59
366 59
332 34
483 12
337 53
220 401
148 218
511 34
461 359
121 108
312 28
483 47
137 100
179 121
66 587
371 21
87 484
149 177
349 220
450 72
72 478
340 15
113 306
413 40
457 69
441 28
148 275
177 547
422 36
127 171
122 108
405 278
503 45
197 569
74 483
477 16
422 19
346 218
441 56
75 582
384 305
386 271
128 181
224 551
175 120
218 218
448 12
69 556
66 483
455 15
473 42
123 194
137 138
354 26
94 543
306 52
314 29
140 153
126 140
107 189
135 216
346 36
89 531
218 209
133 262
286 355
327 41
105 121
401 53
458 52
518 352
104 93
200 549
107 138
109 198
431 49
425 53
179 562
129 274
265 398
532 357
68 476
115 217
498 72
330 64
499 49
326 55
119 283
148 298
143 259
273 406
189 118
143 294
130 182
123 219
104 176
439 69
358 72
509 43
522 68
112 268
357 547
77 540
363 60
513 44
432 29
381 281
108 44
124 102
179 554
414 56
366 14
465 23
371 16
87 517
462 48
367 42
522 25
87 485
318 22
217 211
290 357
340 36
139 133
452 58
519 367
111 231
209 393
468 358
526 363
136 60
324 60
136 192
130 159
136 275
90 549
115 188
144 256
326 30
373 64
96 506
126 252
129 181
145 296
499 37
107 298
131 241
521 65
336 48
142 296
509 65
265 402
306 356
123 123
392 51
145 299
544 341
351 203
448 45
106 124
144 207
141 262
80 510
142 156
313 44
119 273
312 16
116 143
471 29
204 561
124 86
408 45
235 543
373 68
353 70
94 507
411 33
390 311
140 307
142 52
194 149
119 99
129 104
313 54
136 232
174 557
137 219
219 188
408 11
144 287
221 394
147 282
359 66
202 543
118 266
92 488
474 14
387 276
370 41
232 560
311 52
408 374
422 16
134 99
394 37
513 42
430 29
344 43
88 470
107 254
212 397
380 47
306 41
118 45
386 549
321 56
354 208
384 26
477 14
124 205
283 363
481 61
479 16
477 356
108 166
342 26
174 213
458 298
395 291
344 60
135 227
132 88
136 112
204 553
112 135
146 241
397 16
124 213
485 68
89 502
411 30
96 489
135 95
380 21
540 364
415 29
441 19
476 30
317 542
123 220
127 218
148 149
377 68
246 408
145 177
214 198
463 53
81 549
349 219
68 493
481 51
372 15
398 57
381 14
122 206
272 407
347 58
462 11
271 356
471 73
469 360
261 399
407 43
251 558
76 574
448 38
372 49
184 202
253 557
392 21
140 292
121 256
178 197
124 45
170 549
231 397
256 570
130 158
490 52
400 42
179 550
109 45
469 26
200 553
134 94
515 55
322 39
108 271
413 32
297 394
370 23
145 209
146 257
177 90
131 272
544 347
141 66
382 41
473 365
105 203
131 165
118 88
329 50
128 65
74 546
137 197
140 42
237 567
387 298
418 35
201 567
108 158
116 183
208 547
504 24
126 240
173 139
482 61
414 365
132 258
384 56
186 210
202 184
396 55
171 100
473 30
299 406
110 289
492 62
70 522
111 167
92 535
138 242
132 212
314 65
142 144
375 29
468 34
351 66
146 170
362 26
110 261
337 37
114 312
385 548
339 546
465 46
334 14
142 84
119 270
296 410
523 353
177 544
540 358
209 181
349 10
398 549
254 553
115 116
121 50
128 51
122 303
215 220
422 30
84 553
138 236
144 146
198 548
462 46
374 329
393 288
389 299
119 156
118 78
119 68
123 156
134 183
145 268
359 548
530 368
72 576
434 43
510 70
137 234
142 175
329 70
237 570
465 69
470 64
194 145
405 19
130 194
169 105
496 35
522 18
179 99
474 32
468 31
330 23
494 17
87 554
89 489
114 192
69 548
110 299
378 10
229 560
468 361
132 244
96 540
452 60
122 86
123 144
218 184
139 86
385 36
385 290
260 406
447 31
410 11
318 31
64 518
429 39
193 199
190 136
450 69
189 562
432 62
251 402
81 522
388 48
546 345
145 188
187 548
121 287
135 218
316 12
111 191
452 21
312 49
276 356
206 183
93 581
125 227
363 41
75 493
207 556
269 401
107 140
456 44
140 236
387 20
175 117
104 211
267 361
269 362
420 40
408 68
455 42
149 90
115 135
413 372
373 548
400 44
78 580
209 216
84 510
347 71
495 27
315 56
451 368
542 349
507 72
66 545
114 100
132 198
438 68
127 263
116 108
236 397
378 55
335 58
375 542
366 52
76 498
475 31
121 142
106 204
210 191
105 254
131 141
69 589
523 15
415 365
105 45
183 566
519 36
448 72
105 101
213 220
514 70
396 31
385 68
124 131
390 547
106 212
424 46
114 175
213 563
182 204
65 548
146 218
312 29
363 53
125 63
347 73
463 33
456 43
114 104
243 401
469 366
93 470
121 280
91 566
313 47
128 45
92 564
115 215
492 22
377 64
120 246
142 154
316 29
140 303
113 241
113 134
430 31
194 143
474 48
360 51
187 209
399 34
146 145
237 555
347 38
131 294
473 57
266 359
138 282
69 499
483 49
75 536
143 161
119 274
530 348
126 266
400 286
146 205
518 48
388 65
143 55
463 65
390 280
333 59
106 172
146 144
141 218
418 46
96 572
123 221
144 142
118 219
147 78
77 517
122 185
331 545
108 243
457 53
426 32
416 72
168 560
460 24
293 397
123 193
128 286
119 126
74 515
79 508
188 562
397 291
104 96
115 202
335 14
382 308
110 185
250 554
81 532
424 31
138 234
399 42
371 46
384 274
317 35
138 130
129 175
116 259
135 71
114 181
106 42
92 510
177 567
392 312
383 68
142 238
196 557
204 222
109 79
318 28
133 225
135 288
506 69
471 71
144 220
466 14
116 237
531 347
109 195
127 72
114 51
293 408
136 277
135 184
78 586
209 211
354 548
139 168
108 118
411 367
486 61
381 294
350 13
177 139
132 261
65 561
113 188
108 210
527 356
496 50
390 13
174 543
136 205
334 50
487 46
128 92
148 310
383 294
107 149
221 410
112 245
139 172
90 530
402 41
200 546
132 138
306 18
247 410
471 32
411 11
433 10
141 129
133 256
375 27
454 42
285 359
119 127
114 298
520 67
144 202
405 43
104 173
324 22
323 25
389 46
409 67
91 540
387 549
263 408
344 30
487 11
436 72
381 22
127 121
133 177
414 57
317 69
123 124
176 138
395 26
418 38
316 546
453 39
513 56
182 566
269 398
348 27
239 564
217 213
91 532
416 47
437 46
137 114
410 26
386 288
109 288
241 564
202 212
175 124
521 358
494 60
127 102
92 495
220 569
521 59
129 254
392 62
110 50
337 43
519 63
384 62
104 179
140 229
408 60
460 54
390 277
381 293
365 58
498 30
147 196
244 403
270 409
465 37
107 269
523 54
112 304
388 54
353 32
533 341
215 207
208 563
134 268
515 357
175 127
406 375
386 274
318 32
394 51
497 15
245 546
520 56
380 48
340 28
70 476
449 48
405 49
135 224
92 493
223 405
68 568
391 286
132 119
95 511
173 100
362 52
450 57
78 540
190 204
192 554
357 43
141 123
452 299
394 277
383 30
110 208
149 42
118 237
386 276
429 24
498 10
394 19
213 229
72 507
76 576
244 401
306 50
133 120
199 566
515 10
345 66
139 213
326 72
196 559
355 29
145 227
186 142
107 166
114 247
485 59
479 357
204 549
412 26
526 353
265 409
238 399
501 50
304 399
167 103
118 116
451 25
427 49
205 563
134 146
364 549
119 305
129 257
384 63
207 565
132 270
355 16
211 396
446 16
469 54
137 184
283 357
76 557
294 361
316 41
398 45
133 276
306 62
128 277
104 86
134 198
146 271
133 238
431 46
490 71
435 11
193 545
108 128
90 536
515 22
135 249
109 259
316 17
340 24
184 123
139 295
128 83
385 23
270 400
138 79
216 180
378 32
114 133
455 30
75 497
92 480
127 223
476 54
362 28
140 107
182 199
136 64
467 356
257 545
80 521
205 171
252 567
110 222
106 233
115 84
239 565
199 542
433 12
480 41
377 48
362 49
537 350
121 176
426 26
359 205
364 65
104 53
304 65
398 287
115 143
89 491
325 17
115 138
466 361
139 76
486 68
113 124
404 273
139 80
451 61
353 547
467 34
509 51
491 13
449 51
105 190
241 549
112 234
187 214
173 547
344 35
522 32
70 509
524 357
134 60
175 213
220 405
244 543
93 480
329 72
418 14
175 91
323 65
489 27
149 45
219 212
479 38
210 549
313 59
133 70
92 584
209 226
420 14
76 579
78 511
120 265
397 61
339 43
345 57
323 23
119 243
110 191
70 537
355 26
381 285
68 487
136 309
411 38
353 213
71 522
382 280
93 512
115 241
215 193
91 551
493 31
342 66
364 546
121 83
65 489
315 30
142 301
140 159
105 281
254 564
441 15
345 214
114 264
73 520
467 23
340 49
105 170
264 395
146 277
108 78
535 366
147 62
497 45
209 569
217 177
481 60
510 61
131 91
376 544
139 179
225 570
111 267
134 73
521 22
145 189
118 153
110 158
129 96
365 45
379 542
82 527
343 25
134 301
477 360
373 31
122 269
518 361
254 568
373 25
316 53
250 545
138 176
137 168
522 54
126 115
206 205
145 112
132 233
405 42
115 89
127 255
396 50
471 55
140 173
480 27
354 201
132 285
469 44
325 44
317 45
232 555
120 98
143 71
142 51
79 487
410 545
69 491
140 136
117 167
145 243
268 400
83 545
330 543
314 36
68 570
115 227
213 227
111 159
96 491
140 310
118 218
405 272
289 410
428 21
166 106
261 404
400 274
391 43
212 543
470 65
460 44
372 53
175 549
530 347
370 322
358 44
130 266
379 39
138 244
87 500
67 580
137 113
475 67
445 13
402 549
401 289
302 408
144 112
396 544
107 211
69 516
108 156
124 146
136 211
72 548
111 225
65 520
487 18
543 363
137 129
77 490
82 508
464 56
404 272
533 359
273 363
414 55
350 23
207 560
221 399
464 61
130 307
546 358
88 573
223 402
226 552
149 60
182 116
125 272
352 214
367 48
137 154
401 273
332 542
462 38
125 292
92 533
346 72
498 56
104 54
82 557
108 60
175 119
84 514
425 32
119 261
310 25
175 199
485 25
390 28
271 361
294 393
349 23
436 37
384 47
358 38
386 59
467 54
524 54
147 49
109 245
387 54
437 54
143 45
459 22
129 86
336 39
366 314
149 119
337 31
495 62
496 24
131 212
427 60
371 34
396 285
93 587
210 178
76 571
290 394
137 155
132 77
112 223
108 87
375 66
67 553
144 235
66 473
77 558
104 240
381 283
399 41
356 217
93 504
95 568
367 63
212 227
218 219
134 236
313 13
502 35
403 63
264 402
500 23
317 548
133 289
474 359
146 131
414 39
515 363
129 240
333 50
137 177
518 363
135 307
129 115
285 401
147 127
331 26
213 547
400 546
260 360
442 29
468 62
113 52
376 547
335 26
398 24
264 355
123 281
304 66
211 555
224 564
420 13
473 65
110 212
472 15
141 174
215 192
121 301
107 309
81 517
363 21
224 408
138 90
127 173
305 11
132 312
130 207
343 14
149 270
437 63
189 566
401 50
481 43
541 339
496 68
109 222
117 127
125 276
389 61
479 51
121 90
481 25
249 567
340 31
229 548
168 103
112 265
471 364
325 72
182 135
190 213
120 160
140 166
398 545
351 51
501 41
406 54
127 225
251 555
417 37
495 36
358 546
184 567
288 363
90 525
123 245
75 541
120 222
88 588
146 148
504 57
119 165
140 110
110 131
384 276
348 205
442 51
400 281
120 209
361 10
387 9
114 112
85 533
366 30
352 63
107 237
96 579
191 213
376 70
147 68
382 302
120 136
307 10
128 112
426 39
340 69
505 40
219 565
146 91
181 209
133 50
185 546
312 39
219 193
132 142
528 345
448 31
113 284
135 308
135 297
65 563
511 67
413 364
174 212
235 403
359 52
468 12
400 10
218 229
369 47
109 289
131 94
403 284
312 361
135 104
195 570
462 370
140 219
364 40
385 54
138 115
193 570
343 45
142 233
177 145
246 401
112 73
378 22
107 92
123 222
185 117
68 477
89 474
174 105
364 45
214 402
130 46
149 143
139 103
130 50
376 28
72 486
548 339
80 499
238 409
391 281
491 58
376 32
115 226
286 398
144 274
385 72
499 32
111 70
144 225
126 212
275 396
387 285
112 93
473 35
341 19
90 483
138 250
111 287
443 65
350 71
82 520
121 135
126 159
134 115
192 564
114 246
457 27
132 51
234 569
108 79
383 47
220 546
347 60
307 359
105 241
359 35
122 194
215 550
437 55
190 550
455 10
466 59
262 396
119 185
110 312
91 502
545 347
214 398
360 58
224 569
119 114
96 569
190 119
134 226
475 34
232 558
241 558
366 70
78 557
173 122
66 514
535 352
498 31
472 357
67 482
505 50
371 10
316 62
454 50
459 48
204 176
247 561
453 68
386 70
72 529
138 268
487 49
334 25
438 43
482 36
118 217
529 356
188 149
455 71
434 40
175 148
378 14
395 22
380 59
498 29
497 30
116 169
447 65
217 187
137 223
144 185
357 16
438 65
344 18
144 252
120 69
106 209
130 302
75 578
239 548
116 188
502 63
132 306
241 398
325 28
224 545
133 197
282 401
420 38
104 224
385 271
132 86
112 181
113 93
471 66
123 254
528 348
142 243
94 538
171 555
346 37
460 35
122 247
396 275
512 66
136 103
308 13
226 545
140 48
121 174
185 136
143 163
131 47
112 186
306 67
72 565
113 123
124 133
371 36
256 552
240 543
190 138
137 107
130 190
109 168
393 294
186 561
237 552
489 24
523 39
84 481
107 184
275 403
115 141
313 34
213 198
383 274
69 471
456 51
89 527
127 137
455 65
514 14
112 211
145 148
87 507
215 208
141 273
126 207
289 359
299 403
242 552
90 570
375 65
121 134
214 395
319 57
85 503
174 549
381 56
168 550
80 572
516 15
484 21
487 27
173 555
66 524
111 112
149 235
310 31
89 478
399 296
455 22
91 512
67 568
210 570
307 14
518 69
196 549
386 272
518 359
505 26
211 403
323 545
135 135
308 23
127 96
236 547
139 160
122 245
275 405
263 361
142 299
68 580
251 562
122 91
85 508
121 146
176 214
129 310
115 128
388 303
410 62
134 259
351 55
501 47
360 14
390 288
201 555
220 542
187 146
241 404
76 510
452 61
176 547
409 14
467 364
392 17
488 46
89 493
127 142
410 73
444 11
312 548
128 123
123 112
498 46
321 29
380 71
417 22
201 556
128 189
145 154
485 54
91 548
169 551
144 222
334 67
73 585
104 81
351 211
472 367
231 551
269 360
65 534
247 543
341 215
142 106
147 280
373 42
415 374
109 62
106 198
111 138
425 13
211 230
358 14
515 365
190 117
544 344
132 227
429 33
131 169
149 219
77 528
380 35
77 531
121 237
149 168
399 27
312 22
235 406
105 186
180 144
229 410
72 498
78 581
191 141
520 367
400 40
146 310
448 68
129 108
212 200
324 73
270 399
519 27
258 406
64 486
144 133
498 61
481 41
127 300
371 49
132 90
378 28
504 62
440 71
139 112
471 26
193 138
309 45
306 23
371 13
127 160
136 128
309 55
201 236
373 17
504 35
356 209
124 77
131 172
110 275
245 558
227 555
516 48
333 546
144 59
247 559
325 50
342 15
391 282
139 138
385 30
336 547
494 68
148 52
402 47
325 64
266 394
69 489
81 530
108 311
130 262
470 52
370 56
202 556
124 272
317 61
179 102
127 45
87 489
123 260
327 72
273 401
202 557
66 575
90 513
115 133
94 540
145 193
476 32
133 122
114 239
370 17
248 564
146 72
137 179
311 60
130 299
242 405
224 558
252 542
494 52
210 180
247 546
95 488
138 256
378 68
112 92
348 65
437 14
353 16
264 362
133 65
496 14
301 409
84 579
175 554
494 54
82 536
430 36
355 64
418 17
471 357
116 309
420 46
113 205
148 65
87 510
125 97
500 47
340 64
96 580
73 550
185 214
185 564
109 129
327 42
132 97
437 19
303 72
398 33
484 36
483 26
133 77
79 533
334 51
70 503
343 41
442 50
148 241
388 70
146 190
404 66
355 10
437 33
87 522
385 37
334 72
69 523
259 395
68 491
390 282
79 491
129 221
138 47
144 297
129 157
418 367
402 66
106 294
188 205
502 21
507 70
466 33
76 521
145 191
131 180
505 33
168 545
470 66
116 178
117 99
416 368
499 21
134 199
117 267
371 54
195 546
396 69
193 569
321 27
240 408
201 181
79 543
148 280
493 68
439 21
489 16
253 569
411 42
146 158
411 366
358 37
400 72
306 16
96 474
380 32
395 9
408 65
331 54
142 45
230 409
215 554
127 69
402 282
439 59
424 52
145 43
176 106
459 63
333 12
94 562
124 197
185 145
104 77
360 55
303 10
404 311
296 356
206 406
112 153
177 213
312 26
214 397
315 70
209 218
430 71
115 177
464 62
368 60
342 27
530 342
240 549
351 221
133 196
421 28
489 33
230 403
182 210
414 34
143 172
138 289
130 163
122 138
539 342
147 126
460 367
342 544
369 319
145 48
457 49
189 548
204 225
111 81
73 567
517 354
450 49
134 207
127 124
547 342
468 52
489 66
109 212
521 24
108 202
119 161
253 542
184 98
355 44
384 49
354 32
459 26
132 73
434 52
460 366
230 410
356 220
119 66
521 361
224 560
104 99
139 303
70 545
172 545
373 324
118 132
66 577
138 72
128 250
282 396
129 113
118 43
137 291
281 409
516 45
105 262
316 21
148 288
451 14
388 36
364 35
352 202
109 256
365 12
470 38
448 17
129 187
149 268
530 364
396 295
307 363
474 69
145 273
106 98
349 22
70 561
144 193
128 252
453 46
142 171
223 409
523 361
84 521
73 481
140 119
67 527
188 204
105 238
507 34
483 60
338 35
119 129
119 275
211 229
370 18
94 510
139 65
460 33
532 341
508 13
135 149
107 206
116 307
117 252
213 235
125 178
506 29
436 46
146 208
513 23
104 298
128 82
295 359
147 222
131 209
544 367
496 55
213 173
386 43
345 220
119 107
494 49
107 164
184 127
285 358
115 180
380 33
377 61
67 483
120 249
346 51
120 147
475 368
383 309
326 15
141 264
246 406
230 549
146 52
419 26
372 33
118 122
338 49
455 369
88 517
218 216
270 397
480 56
529 368
219 179
508 33
388 291
147 268
140 270
131 124
145 121
382 36
96 502
440 58
149 298
421 71
82 473
524 65
105 214
117 80
209 564
187 557
177 101
148 45
475 12
112 283
387 14
393 309
106 271
382 70
468 73
408 368
342 548
404 296
117 126
252 561
498 57
259 404
111 292
123 286
348 37
369 36
115 85
74 470
86 583
173 135
249 555
313 9
117 175
361 43
107 71
363 63
145 132
308 68
505 11
460 296
203 547
131 51
405 64
514 24
244 567
93 503
368 42
115 299
179 116
471 361
241 561
111 170
139 60
190 209
450 71
320 60
206 396
131 146
127 47
211 395
458 37
126 298
146 155
353 57
349 60
432 34
503 38
149 170
400 41
115 132
68 504
278 395
257 558
129 119
329 20
96 511
406 48
426 56
509 18
497 65
385 52
211 227
360 13
93 500
113 262
72 566
343 53
359 71
149 247
124 111
84 488
449 22
518 59
493 37
394 543
114 71
146 249
115 124
489 61
136 89
483 13
182 142
398 62
405 295
105 231
140 191
173 141
115 312
76 479
351 546
490 29
198 542
461 20
426 14
452 23
429 35
253 543
116 233
508 54
136 104
486 40
459 359
530 357
111 183
389 546
203 220
339 52
106 227
466 61
105 228
209 407
105 71
438 45
181 135
71 552
370 321
463 71
319 42
238 559
462 356
390 9
115 262
432 26
452 29
356 32
174 198
95 574
482 11
142 151
120 168
184 117
135 137
208 188
400 306
145 258
358 22
72 522
112 220
348 543
343 56
512 35
403 295
520 70
407 73
322 51
529 349
411 58
401 25
337 36
117 285
456 24
428 44
123 174
409 369
535 368
384 549
193 557
180 206
79 486
348 59
213 199
94 547
181 100
143 189
132 68
243 399
109 187
126 138
173 136
483 68
135 158
418 57
111 201
96 556
315 55
354 43
484 47
187 200
511 13
188 144
95 498
392 544
451 55
450 56
131 138
482 64
78 552
75 579
381 271
132 195
96 552
380 39
338 32
140 184
112 177
202 195
121 247
140 288
106 181
209 209
64 506
201 192
113 82
139 55
90 584
371 11
130 115
460 52
148 239
111 59
464 40
250 558
259 361
96 582
324 62
373 66
509 11
481 36
123 234
363 35
140 113
139 198
333 18
128 261
110 162
417 13
518 70
67 489
419 370
321 17
210 214
140 79
118 113
190 562
445 45
199 543
138 188
486 22
417 35
283 395
104 187
116 246
109 78
90 581
121 219
178 115
467 13
486 51
72 519
223 552
135 139
350 213
265 358
397 40
181 213
123 121
108 249
110 146
141 254
123 216
480 47
279 403
240 564
410 21
192 558
143 138
394 280
500 26
469 9
252 563
181 99
394 60
379 12
187 116
231 545
405 546
478 70
216 233
411 21
140 279
178 90
136 310
82 556
104 152
324 64
123 110
136 271
432 43
109 55
370 66
455 60
113 127
277 395
475 63
475 44
90 582
505 13
148 121
139 203
478 40
546 365
116 86
129 273
220 560
73 511
121 51
461 61
96 554
454 49
465 42
175 542
475 369
130 74
313 33
209 565
339 63
149 279
210 404
238 544
490 16
399 71
321 25
65 576
134 150
64 515
478 39
114 304
536 343
390 68
332 19
485 14
112 110
181 203
77 541
109 282
122 223
306 31
464 301
420 43
107 114
243 556
122 130
367 318
126 187
305 61
466 55
276 362
235 569
253 553
384 25
70 541
128 143
452 9
104 273
256 554
126 276
450 25
107 46
514 71
143 178
208 180
293 398
129 136
128 144
147 257
114 278
81 485
496 19
118 309
277 402
346 71
517 361
462 369
105 176
518 364
533 360
287 398
396 11
113 169
124 246
104 281
343 214
137 131
455 50
388 68
359 55
396 304
493 23
127 304
94 491
352 70
91 520
441 49
425 35
431 24
479 49
122 306
75 571
395 545
316 33
315 33
461 13
140 255
138 162
342 549
74 582
408 32
397 301
214 190
322 548
321 15
215 405
132 82
388 61
385 283
173 121
126 307
217 393
379 72
521 13
347 45
360 203
139 279
147 101
393 300
273 360
123 218
198 569
449 40
95 589
177 201
406 64
65 470
405 26
92 503
495 39
346 542
412 54
372 47
64 577
413 60
134 45
218 559
454 358
125 194
357 543
380 66
436 25
387 41
386 278
450 26
130 154
75 486
392 542
96 564
112 69
265 407
457 362
465 13
190 140
117 269
548 344
381 54
403 39
447 53
118 192
517 38
148 100
141 77
137 136
108 52
187 560
490 43
475 39
127 189
240 542
121 208
405 73
104 300
250 559
182 106
349 203
169 558
538 348
139 197
404 20
432 46
133 93
442 40
465 25
186 122
345 71
275 397
133 98
143 174
91 528
414 9
465 51
115 269
418 32
497 25
514 49
71 494
141 91
138 42
144 119
121 295
131 195
506 72
95 543
509 56
467 22
414 26
312 20
440 20
425 42
248 546
233 546
442 47
352 27
104 297
291 404
112 74
78 514
118 270
403 47
136 187
449 18
201 220
432 47
114 115
206 569
524 36
455 67
309 62
382 40
286 361
332 67
294 400
482 65
182 122
189 210
370 318
226 562
341 51
460 47
300 396
349 44
251 543
207 566
238 405
141 154
145 60
139 150
326 16
389 283
468 67
190 563
447 60
395 73
140 233
107 230
116 97
125 311
279 400
149 302
189 545
405 296
178 148
347 63
524 30
452 357
185 199
149 112
137 160
251 546
294 398
464 358
96 542
121 193
239 407
364 59
394 285
463 61
343 57
86 492
109 43
83 486
502 33
132 256
201 187
394 49
457 32
366 19
351 212
120 214
169 553
390 61
106 240
403 44
390 310
508 9
71 486
478 364
254 556
215 222
128 124
136 182
217 172
120 227
298 406
117 262
402 36
199 565
135 124
398 47
341 18
93 491
107 246
374 56
79 499
129 233
65 521
129 280
368 59
335 18
348 10
254 405
484 71
471 35
87 492
437 57
115 104
460 16
407 549
122 141
193 215
116 197
288 361
112 219
124 230
376 12
91 480
128 74
93 553
83 493
139 44
435 63
256 544
367 27
466 45
125 76
510 69
366 323
93 561
364 34
370 31
65 569
396 68
176 149
233 560
117 306
345 55
80 569
130 292
211 570
388 73
185 101
148 290
367 546
415 66
219 547
299 396
422 28
502 9
124 73
442 15
170 543
385 19
480 16
215 185
486 56
120 233
391 47
330 549
89 483
347 545
461 69
111 76
216 225
70 491
482 48
190 125
397 303
393 64
249 561
372 323
121 132
64 509
211 550
181 144
205 543
455 303
107 103
307 56
176 215
378 37
79 511
127 259
78 571
205 201
137 92
223 557
385 18
131 45
517 68
376 324
293 357
536 356
202 553
95 501
249 393
132 45
108 245
348 200
445 12
138 280
393 27
81 506
365 22
238 566
540 356
397 51
111 90
303 408
95 566
464 365
431 59
439 44
241 568
110 290
374 322
71 579
117 295
128 138
120 205
310 46
402 38
114 143
105 227
433 40
366 325
146 136
139 185
472 31
324 17
105 155
132 225
373 326
212 173
307 50
109 90
338 42
297 362
118 213
124 203
141 88
309 50
112 60
94 524
217 570
326 61
323 48
231 564
211 215
91 587
371 71
106 112
122 290
88 519
488 56
478 13
362 18
365 59
548 350
232 567
87 535
142 218
120 113
417 28
415 31
104 127
333 24
138 192
192 197
406 366
111 117
185 92
120 266
241 396
406 291
104 232
133 209
136 225
215 543
65 510
338 56
74 550
217 550
120 153
369 58
376 318
530 367
113 171
504 19
147 220
364 548
403 40
519 26
509 27
84 551
120 59
340 44
182 144
492 34
130 228
111 240
429 57
405 368
191 136
93 483
105 304
310 57
249 542
129 66
83 488
308 53
522 66
313 51
395 41
139 240
113 263
318 44
328 32
108 255
69 541
120 267
388 276
118 254
83 572
122 200
148 111
383 55
110 152
346 204
338 55
80 530
146 199
186 212
148 153
141 307
126 190
309 73
139 221
64 567
109 91
83 499
148 114
303 47
222 557
311 544
119 133
113 167
408 57
417 41
445 66
147 76
223 546
403 276
141 300
498 15
173 116
187 215
76 502
219 393
104 175
139 202
410 72
545 343
388 273
110 239
455 32
105 201
106 161
519 61
175 211
146 99
80 563
149 99
305 27
389 293
80 582
424 70
184 556
125 230
391 278
247 402
116 133
107 255
144 123
191 548
179 208
320 67
386 72
207 407
517 40
351 56
451 62
82 522
351 542
252 401
438 42
386 65
406 285
290 398
110 272
91 541
315 68
125 301
205 225
293 363
224 553
448 14
135 276
369 60
110 83
110 237
106 138
406 27
207 198
499 17
360 46
483 45
131 71
144 114
206 542
134 225
510 12
128 307
198 551
207 395
122 87
306 27
402 286
231 560
513 59
126 220
471 49
512 16
469 42
352 62
115 153
233 404
129 311
391 292
69 557
129 251
123 165
452 54
523 364
388 281
376 31
360 221
379 50
333 21
115 292
149 148
397 546
274 363
131 121
119 195
174 548
144 169
303 59
207 562
126 249
129 269
298 410
389 13
337 19
218 235
227 401
109 139
218 176
114 60
126 43
77 543
349 28
137 220
148 255
538 359
505 61
137 128
106 190
527 360
390 287
111 111
358 18
374 548
180 124
106 180
295 356
505 23
104 254
415 9
96 583
117 147
87 537
405 301
110 132
142 185
122 207
399 52
203 206
523 23
250 564
493 10
298 401
130 174
139 119
142 131
458 72
453 37
384 27
324 46
148 104
442 19
426 64
92 474
208 555
140 132
488 50
177 102
68 587
496 59
427 42
105 300
397 28
117 311
500 13
134 178
105 274
143 73
422 69
372 31
484 19
356 214
449 38
182 102
381 13
255 395
418 44
140 237
456 38
412 37
114 221
259 408
128 128
494 36
251 553
82 567
493 29
106 140
322 57
235 550
395 287
79 519
320 52
397 310
454 38
437 43
402 278
69 554
326 71
415 42
407 56
71 479
482 18
186 545
509 58
127 179
143 88
131 158
218 410
117 169
458 13
406 312
183 203
136 196
447 18
271 358
471 42
395 31
70 579
133 84
391 305
70 544
526 366
104 226
494 11
409 61
434 57
148 260
139 223
138 91
469 69
376 56
224 407
116 65
484 18
114 66
227 560
111 194
384 37
349 18
201 566
386 54
314 41
348 53
455 304
416 375
133 118
112 301
387 71
209 401
129 65
187 148
117 237
118 72
182 545
265 410
432 22
489 53
387 69
432 35
137 80
342 25
511 20
147 97
333 55
465 17
108 59
545 363
357 205
106 229
125 151
504 26
138 239
66 499
442 16
545 346
142 136
445 73
108 265
111 150
512 48
392 65
134 201
176 207
239 551
137 102
138 203
149 179
520 62
121 293
120 156
187 205
134 264
318 29
213 555
87 503
321 38
143 171
94 539
228 544
181 96
462 63
126 61
346 19
66 536
503 21
189 137
117 273
96 516
357 64
361 215
468 9
93 472
288 362
374 27
115 114
113 87
504 44
542 363
407 369
239 543
399 19
472 39
126 210
346 22
146 147
138 311
534 350
124 192
106 56
418 60
330 31
109 109
133 260
403 20
113 174
199 549
332 45
515 26
251 405
112 236
452 302
110 126
426 18
430 30
463 51
130 142
96 553
119 115
238 568
132 81
485 39
147 112
252 545
242 555
400 279
94 537
142 92
118 98
353 59
346 57
193 543
406 543
406 73
366 25
475 50
130 56
149 230
368 22
106 303
107 233
92 551
123 55
452 10
454 66
182 90
455 371
128 156
349 55
69 518
207 178
134 130
123 137
110 157
514 44
422 58
173 138
214 410
290 393
134 61
206 184
437 68
381 10
143 219
125 255
179 553
308 47
390 276
140 262
189 125
112 138
187 120
303 34
377 329
128 239
139 156
355 205
306 66
141 197
173 93
509 23
491 63
171 89
480 28
486 34
123 170
451 56
147 302
379 322
216 404
111 172
203 171
237 568
126 236
222 396
235 404
339 51
423 59
113 64
444 12
231 568
281 395
146 192
494 9
132 111
84 489
473 19
332 54
432 41
483 31
111 74
477 363
122 66
317 20
337 38
244 545
345 67
494 46
323 47
370 11
325 51
145 75
215 395
452 360
277 357
107 305
410 369
123 257
432 58
245 553
109 125
127 303
84 476
135 176
82 543
139 246
147 82
222 405
175 205
345 52
304 54
124 221
327 23
90 508
89 519
85 537
426 15
520 48
423 33
104 307
475 46
454 30
384 28
69 525
108 141
375 53
141 141
496 73
386 42
324 44
508 51
113 218
440 40
75 547
140 199
456 66
124 240
107 284
123 71
128 174
232 405
68 503
132 157
315 31
108 211
207 211
144 127
424 13
169 560
142 295
119 278
405 374
175 559
118 268
316 51
126 231
68 508
124 95
389 72
273 357
130 222
176 98
122 76
145 295
214 203
115 54
395 543
94 580
84 493
523 59
394 64
378 544
84 536
133 307
96 507
524 33
206 195
121 239
411 53
116 68
350 70
455 44
305 72
205 204
435 32
227 400
498 23
516 358
494 33
383 280
186 542
315 71
469 68
453 52
363 51
513 64
331 40
253 409
148 141
138 213
384 308
105 99
258 396
336 33
519 72
124 87
182 208
133 222
104 283
236 398
125 72
95 581
490 73
452 36
390 292
91 471
335 30
127 201
404 38
205 206
286 396
94 494
407 51
115 310
488 59
108 200
372 39
133 138
138 243
389 68
472 51
116 290
127 71
136 66
389 291
397 290
128 86
396 293
142 253
434 62
397 53
202 211
202 176
80 579
126 303
378 43
350 43
309 32
478 30
405 303
142 223
127 285
114 293
472 47
64 483
135 250
414 373
381 25
509 14
268 361
372 24
467 363
310 73
405 32
540 368
386 275
109 265
544 342
118 287
201 547
321 545
314 60
115 64
447 30
148 226
216 397
124 160
186 569
353 62
488 67
208 406
78 473
334 549
136 237
142 251
310 49
174 205
399 299
128 57
170 556
300 358
109 99
113 195
246 566
331 42
315 62
456 14
65 474
337 17
516 354
352 68
503 47
487 40
378 15
81 583
415 25
237 569
416 42
322 35
137 172
113 227
129 120
65 560
123 200
222 559
455 29
392 294
172 568
497 69
64 510
105 234
127 128
353 36
339 19
284 393
488 21
447 22
382 309
415 48
131 136
127 178
135 151
88 544
345 549
71 550
146 70
188 148
324 63
393 19
124 228
196 545
524 39
110 167
123 109
491 24
105 308
519 19
108 63
129 281
285 357
450 32
254 566
146 139
337 70
402 42
142 70
455 40
122 250
110 42
137 205
357 206
351 68
219 568
426 25
207 200
435 54
107 289
119 268
129 100
249 557
115 100
255 564
307 548
70 582
361 205
363 69
223 547
65 537
212 546
218 546
520 13
66 497
383 29
471 358
396 291
446 37
350 217
452 22
95 517
520 366
104 272
65 550
367 547
84 581
110 214
384 307
111 178
218 222
399 295
343 15
366 58
119 221
329 28
298 357
477 28
316 24
114 172
345 45
401 287
458 48
450 37
167 89
112 303
110 103
533 349
183 214
461 367
418 27
145 304
343 64
196 550
110 150
174 206
131 273
136 234
414 25
127 269
148 174
108 74
387 543
121 281
290 408
113 100
127 68
385 40
332 20
115 137
475 61
121 182
438 55
147 292
203 195
135 51
124 55
473 71
310 361
267 398
505 43
377 325
139 177
216 207
115 139
359 28
138 237
107 96
232 565
450 44
127 153
115 169
338 15
269 399
106 102
113 206
237 408
220 403
478 47
121 131
490 35
130 85
128 219
125 222
521 31
428 36
395 52
124 263
459 12
407 40
319 542
119 162
392 275
473 366
111 206
380 44
416 11
262 406
389 27
111 250
319 46
145 259
130 124
110 238
256 547
138 88
239 563
516 56
197 566
415 35
133 111
371 48
431 67
430 56
299 393
87 501
107 119
392 15
403 43
96 575
121 136
211 184
181 198
215 545
175 96
176 102
127 158
365 19
460 53
461 10
312 35
240 567
175 143
324 65
116 96
312 55
299 359
388 37
399 29
355 214
532 363
118 274
311 72
120 283
524 66
316 47
120 298
107 285
108 154
388 10
119 97
178 570
547 363
384 50
218 547
238 548
175 104
353 33
542 361
185 563
413 64
142 187
209 186
406 17
129 241
268 393
534 341
523 43
408 59
264 363
346 546
129 137
141 114
474 30
444 33
473 12
444 54
124 199
241 547
377 549
104 253
212 178
440 51
409 367
488 35
69 474
441 54
113 254
190 554
105 187
247 403
112 248
131 218
126 250
484 39
173 198
128 68
69 577
355 212
364 46
455 358
536 342
67 534
464 14
111 283
354 65
436 67
121 275
419 17
309 356
396 38
314 12
252 565
65 518
72 562
493 42
509 17
431 62
87 572
110 231
105 165
71 531
114 279
142 50
149 83
110 303
392 73
484 41
518 41
80 525
510 13
351 217
135 185
215 190
74 587
78 559
411 23
378 29
116 140
216 202
547 355
144 147
104 92
283 399
132 199
196 565
416 29
73 561
87 491
148 291
104 51
440 56
499 56
424 49
348 19
327 35
536 340
131 171
177 116
140 124
226 567
446 23
501 60
368 48
509 22
330 547
526 357
498 48
74 588
361 212
482 58
133 136
386 25
440 13
117 109
410 34
131 192
172 569
136 53
416 46
363 11
481 17
356 68
137 112
91 492
230 405
147 266
403 19
523 73
405 11
232 403
359 217
503 59
86 500
508 40
406 36
68 547
489 46
115 236
392 60
482 33
335 64
110 109
400 20
380 56
214 181
205 175
192 137
144 259
120 309
72 481
76 508
93 513
515 48
395 53
193 201
541 361
129 193
540 344
91 554
381 35
78 491
114 217
130 109
129 259
307 545
230 569
117 128
140 193
497 54
231 542
107 170
328 19
140 240
144 76
296 359
64 572
105 200
389 543
106 279
505 54
135 278
403 309
492 46
136 279
115 200
329 31
286 400
517 362
192 210
375 543
268 395
85 564
515 30
471 20
292 363
355 34
235 552
454 40
325 70
104 61
361 206
379 41
447 56
473 21
81 519
219 562
380 12
110 160
447 69
478 61
271 363
110 92
463 36
125 105
459 50
458 55
448 29
210 204
142 294
233 555
125 312
76 480
220 404
131 253
79 552
94 503
132 211
81 551
234 556
87 549
407 49
129 142
462 23
219 178
228 558
211 220
95 484
356 544
268 407
261 400
311 29
408 363
139 118
130 243
86 490
220 407
398 32
86 588
481 55
111 45
206 543
438 18
68 472
445 40
202 559
116 146
271 407
120 204
115 113
366 33
123 84
137 106
478 50
65 571
524 12
515 53
209 549
129 217
351 17
454 44
111 223
228 562
520 39
465 44
349 206
347 203
517 350
361 31
144 210
521 45
378 67
211 216
360 24
141 58
413 44
249 553
412 18
337 26
211 192
138 86
198 557
409 375
394 302
468 368
369 46
147 269
330 35
268 410
139 220
145 52
415 369
126 232
128 241
142 43
142 124
467 11
133 211
339 544
77 584
139 308
411 25
79 562
182 549
233 397
109 277
93 499
188 142
82 540
142 44
148 267
286 397
386 311
138 252
209 177
395 27
478 65
211 544
200 554
484 9
110 294
284 400
217 409
182 200
386 52
120 150
139 186
124 176
456 21
437 47
70 551
83 563
313 56
143 267
394 47
390 301
422 14
517 363
378 20
539 348
404 374
112 107
69 585
188 570
463 31
332 41
130 140
140 163
220 393
501 16
89 471
462 31
468 60
404 59
529 355
66 516
378 51
477 64
75 558
384 20
123 139
402 55
115 298
80 514
510 17
318 48
403 543
479 59
126 70
114 213
108 165
357 59
462 360
105 208
127 143
177 563
206 223
440 10
131 112
239 397
133 145
120 285
338 65
322 11
237 544
138 272
104 190
117 170
95 535
466 40
302 362
96 499
465 369
461 24
105 120
106 306
85 569
520 9
130 200
125 262
427 62
112 246
120 157
216 556
93 514
407 64
144 138
468 15
460 55
77 578
446 69
545 366
68 511
193 149
318 64
138 94
104 153
123 127
146 63
322 64
239 546
513 38
424 60
131 222
120 223
140 81
458 56
143 183
129 169
67 490
77 492
173 123
143 204
397 548
148 211
399 70
443 11
320 38
79 561
253 566
510 21
510 39
83 537
444 25
182 542
118 232
397 30
70 493
74 521
169 542
454 21
519 67
341 30
480 40
179 206
104 57
502 61
300 359
80 473
168 559
209 570
468 364
192 145
130 298
361 542
142 178
278 357
273 402
114 176
377 56
112 83
446 31
116 47
541 366
176 545
259 397
110 86
125 141
87 504
327 60
505 52
230 550
382 276
107 151
390 291
144 257
90 553
448 10
449 59
67 509
127 134
78 478
176 143
331 69
338 544
216 235
180 199
148 187
431 14
81 536
77 476
403 297
122 272
498 43
145 279
116 132
358 46
109 201
104 191
367 13
144 269
111 303
114 170
444 63
107 220
361 26
136 49
135 187
116 93
474 363
129 203
133 62
344 59
131 102
78 530
125 302
120 82
520 15
134 237
216 204
243 407
523 24
227 395
384 312
149 217
145 127
118 275
301 406
113 105
174 215
120 258
199 562
436 12
389 302
83 541
368 33
139 199
311 17
449 63
362 35
113 43
459 62
403 294
382 47
182 551
128 188
541 351
465 12
379 320
144 53
109 133
78 494
145 302
237 397
123 282
372 19
118 166
133 304
513 51
339 25
510 16
110 111
404 35
497 37
384 303
114 127
178 565
387 310
212 400
473 15
209 172
91 495
463 371
514 18
123 63
114 65
244 556
310 64
494 48
214 176
482 42
340 12
112 287
321 41
289 396
401 308
366 542
106 54
75 478
237 398
445 33
245 549
243 550
506 43
95 508
171 103
108 309
124 62
87 577
73 563
448 9
304 406
372 329
398 15
344 218
74 536
213 224
276 405
174 115
338 73
375 327
349 549
70 583
121 128
142 193
112 210
235 393
494 43
119 207
126 286
134 245
137 96
122 105
104 172
508 37
329 543
497 44
137 164
85 516
108 50
496 60
116 141
69 515
173 552
95 570
394 71
353 17
303 43
468 32
210 226
394 62
135 157
136 254
414 27
222 397
267 362
144 251
346 207
493 28
185 554
216 218
505 57
385 299
463 67
129 76
211 173
372 55
214 199
354 14
193 546
114 116
339 67
548 354
110 87
147 95
366 63
148 276
212 177
124 165
499 13
107 130
126 281
104 260
497 52
390 29
132 143
180 197
416 61
388 47
135 118
267 407
122 53
475 13
476 51
388 25
433 28
438 17
127 261
311 63
126 275
118 297
109 117
270 401
112 80
383 302
340 16
120 173
133 146
290 400
483 64
448 24
368 39
513 19
538 346
323 73
422 55
315 32
211 188
107 58
133 249
449 27
215 560
434 14
124 251
113 287
321 19
339 213
511 66
194 542
113 49
402 52
135 194
331 53
96 470
180 99
266 408
134 192
114 259
140 235
174 209
105 148
208 229
216 182
119 249
443 10
128 47
73 473
428 14
519 25
132 252
174 564
459 61
352 38
385 61
130 235
443 19
120 116
192 204
309 22
121 204
389 55
114 97
457 63
547 354
277 362
467 63
234 570
413 21
368 27
143 261
334 65
124 211
144 201
95 538
77 548
116 258
390 14
126 233
129 261
196 544
246 570
130 137
492 68
485 13
89 514
66 505
392 24
182 119
114 85
391 276
494 64
76 546
471 366
304 43
110 117
175 93
543 358
141 202
364 44
339 31
418 13
394 29
405 67
512 14
213 187
113 189
108 186
258 395
342 60
350 48
70 485
142 177
148 161
479 367
149 69
88 510
467 44
125 295
403 542
72 542
137 263
318 57
182 213
218 409
143 282
132 276
121 242
489 26
147 201
111 238
465 27
518 40
105 242
516 362
66 519
391 301
455 298
112 63
398 290
405 292
455 48
68 494
412 72
476 66
119 247
229 549
206 565
208 195
227 563
127 165
86 540
480 36
419 363
145 256
240 554
184 542
115 232
230 568
116 227
106 197
311 49
292 406
438 12
458 35
120 280
130 129
337 546
134 214
362 29
85 488
135 236
144 261
115 44
216 557
387 273
208 203
212 544
377 59
109 172
88 572
143 182
185 100
438 50
474 362
369 324
359 73
131 176
85 543
213 183
118 211
374 69
224 404
341 22
223 563
78 506
134 57
119 171
498 17
396 282
385 27
139 127
493 16
67 543
324 51
77 575
146 207
143 309
276 400
115 173
106 203
424 19
117 299
130 133
119 210
108 57
172 542
439 67
472 365
384 67
186 144
139 252
142 80
501 53
535 344
105 166
124 216
410 43
226 565
110 186
508 36
395 23
202 189
354 18
112 253
227 404
348 58
381 292
129 179
389 54
456 61
383 36
455 26
136 147
463 14
188 549
464 18
445 44
113 211
443 25
373 50
279 361
309 30
146 276
416 37
143 225
174 558
121 76
223 553
136 101
271 393
462 19
319 18
148 120
487 68
310 70
250 396
223 542
124 75
323 37
107 288
345 36
128 301
107 194
468 357
141 196
395 284
128 72
448 35
175 139
116 128
327 64
474 52
125 215
384 272
218 404
168 542
402 299
85 524
134 234
133 54
522 364
113 298
311 58
447 63
80 587
403 55
382 32
105 95
111 222
280 356
403 307
105 253
108 208
64 585
476 48
412 365
136 240
85 495
272 408
384 55
147 270
431 22
454 359
312 65
134 71
229 569
389 43
370 27
474 31
325 23
79 530
192 545
521 49
145 137
366 549
114 231
382 26
146 305
178 119
108 163
130 166
525 368
109 174
543 367
471 57
406 24
317 49
136 227
376 325
183 120
468 38
315 37
110 276
427 28
120 78
174 135
314 38
385 303
479 54
83 559
149 63
397 544
235 555
134 174
402 293
121 63
330 48
441 23
457 38
321 22
114 137
141 240
120 172
393 276
232 552
80 567
137 137
227 408
364 38
94 488
460 29
464 70
447 71
126 295
113 152
134 143
458 34
180 149
493 60
329 21
360 35
254 401
183 198
495 53
381 299
469 10
87 506
120 208
335 61
402 25
355 73
353 40
219 226
170 552
107 53
129 160
480 23
407 27
411 542
518 66
512 37
353 72
228 542
182 547
109 260
448 40
181 115
339 62
416 57
374 29
384 545
186 123
114 204
278 402
366 35
331 45
167 106
109 276
140 311
460 22
507 22
141 98
333 61
115 174
265 405
471 25
135 223
186 201
406 308
462 51
149 312
357 204
174 555
86 573
95 506
107 197
398 46
303 42
345 62
137 79
390 278
138 283
333 51
270 355
256 559
412 368
206 231
129 197
346 38
356 38
476 15
119 142
344 67
373 65
510 68
87 560
414 62
81 579
387 307
215 210
387 52
178 99
504 56
189 547
380 25
352 45
137 163
118 285
379 62
462 52
368 65
136 102
376 21
213 406
367 325
75 501
466 29
144 250
364 39
351 208
429 21
245 548
346 62
68 582
203 208
414 15
266 393
212 196
393 307
110 149
379 45
120 255
477 27
387 294
346 58
415 58
419 61
237 409
64 527
110 97
211 410
197 542
354 66
410 25
344 65
130 63
105 249
206 192
288 357
467 28
69 563
214 554
389 14
218 214
117 86
226 405
205 220
72 567
123 287
124 207
430 65
311 21
109 165
401 312
80 566
531 349
110 76
514 55
419 29
74 553
224 402
460 49
400 288
136 195
401 41
64 568
206 221
234 547
348 57
447 15
207 182
327 34
121 270
131 310
85 560
212 191
394 545
183 97
148 210
329 36
421 30
143 281
172 550
371 57
402 45
69 567
458 38
124 124
349 213
82 566
387 547
482 15
131 115
85 540
456 68
75 548
310 42
289 403
510 66
398 54
317 545
369 9
357 73
461 65
460 70
306 65
208 560
144 72
168 568
514 17
431 10
134 132
118 243
482 71
442 67
124 105
437 59
126 262
388 278
87 525
146 73
522 34
358 15
454 64
458 357
105 58
121 164
87 561
126 203
215 234
511 57
497 23
104 169
116 46
170 93
386 15
108 253
79 535
138 255
430 63
361 210
72 524
110 170
416 25
110 206
488 23
94 556
146 135
132 172
395 276
386 21
148 297
91 496
108 301
256 357
407 42
458 41
352 26
126 197
428 68
209 556
414 63
298 395
110 192
179 89
519 33
184 144
407 26
328 66
144 126
377 71
251 570
515 27
393 295
389 275
83 584
426 69
327 56
210 547
75 470
71 513
138 261
377 12
422 31
397 547
211 394
421 16
457 36
66 537
217 191
521 367
383 50
136 167
381 286
123 227
123 198
140 283
523 29
82 552
375 68
82 564
73 531
147 312
405 548
303 71
375 20
119 208
343 16
487 38
131 179
87 490
472 56
469 49
139 53
432 21
149 44
339 23
127 83
136 54
239 567
213 550
401 9
255 410
121 153
344 44
129 202
86 509
94 480
174 121
359 61
339 16
202 220
115 230
509 38
403 27
457 60
114 258
416 17
145 123
388 44
308 33
119 219
130 77
511 58
211 225
313 11
353 48
348 219
148 117
139 288
147 230
107 93
403 11
128 137
147 96
503 9
216 188
133 204
322 50
371 543
147 205
346 221
83 504
521 38
509 26
448 25
343 59
380 22
111 186
390 34
361 22
121 73
120 198
85 582
126 195
106 217
399 66
413 9
363 17
388 63
413 12
515 17
142 72
138 238
198 559
139 239
142 235
94 498
408 67
142 285
118 52
454 17
73 495
382 303
217 406
142 236
485 38
434 66
89 579
106 52
217 223
135 167
123 54
398 36
131 92
393 71
122 148
504 33
218 221
519 11
511 37
424 21
143 255
130 252
401 306
139 87
189 215
111 121
230 545
263 409
188 569
136 281
106 293
175 136
90 544
126 206
110 224
128 227
212 229
111 227
343 545
488 61
218 395
542 359
68 573
261 393
137 211
369 543
437 13
213 564
104 182
459 368
470 366
105 138
218 548
424 32
379 10
145 245
506 25
332 46
123 301
368 70
118 286
66 476
498 33
360 39
122 268
83 543
372 42
107 55
498 50
483 57
140 53
381 38
201 205
104 241
495 47
337 40
337 544
114 224
95 526
140 210
223 396
145 152
148 108
86 529
385 63
204 173
479 47
361 214
116 136
105 260
206 179
406 306
186 124
319 60
123 231
494 32
534 363
125 271
226 542
303 57
133 51
385 38
77 488
204 180
148 261
466 358
205 180
110 63
122 261
401 48
191 202
114 235
435 31
334 22
203 219
112 217
501 37
133 188
141 230
521 27
332 15
136 286
106 218
146 186
181 118
104 225
128 166
434 67
307 47
136 50
513 22
518 39
217 189
434 65
323 20
64 584
521 15
144 219
137 236
340 219
324 42
127 249
320 32
144 181
149 197
486 67
311 20
203 215
120 122
115 119
481 16
469 23
404 293
523 11
346 32
214 545
131 276
139 125
113 282
444 45
135 144
490 38
467 52
279 406
217 202
405 22
441 9
255 554
241 566
224 549
168 544
234 399
175 147
213 230
110 193
472 46
415 376
294 408
335 35
107 90
206 409
462 61
137 180
537 365
135 66
330 546
90 478
343 66
373 11
214 406
69 535
212 566
520 14
463 358
351 63
204 226
392 271
466 72
117 49
327 50
332 44
176 198
149 115
112 51
125 309
216 563
424 72
322 24
80 509
320 27
105 268
427 34
124 70
128 43
121 66
80 522
140 78
522 368
480 13
187 149
207 224
179 98
121 94
410 68
522 16
396 13
133 85
538 343
241 548
346 44
126 243
311 10
367 22
356 48
490 44
132 254
248 547
132 57
404 544
181 126
104 65
147 106
201 217
208 210
461 41
461 14
111 310
308 548
137 122
457 52
117 125
205 179
406 34
316 52
142 302
171 549
145 54
146 74
251 410
275 363
512 24
415 39
178 211
141 239
499 43
315 34
119 231
95 548
416 69
125 243
249 566
207 563
106 122
130 179
133 68
341 54
509 54
213 556
238 552
146 160
474 72
77 565
172 91
118 110
224 565
140 52
465 52
147 54
188 124
425 67
144 233
322 549
376 29
439 22
234 568
217 402
518 13
290 399
171 97
386 547
392 547
95 537
125 121
253 544
142 140
409 370
329 44
110 69
71 521
320 59
69 502
136 233
459 303
135 78
79 555
187 141
120 74
136 274
113 88
335 48
83 555
76 493
143 304
390 307
304 40
303 20
73 578
432 40
106 167
114 310
81 556
105 50
108 234
346 205
282 405
471 39
117 186
121 149
127 262
314 66
539 363
325 33
416 370
496 40
329 45
146 102
125 197
89 561
479 30
419 18
140 103
74 499
146 222
317 543
257 553
479 371
493 49
407 66
459 57
331 35
324 68
373 40
106 287
264 409
139 58
112 94
76 550
325 22
385 302
80 470
170 101
462 70
546 362
314 28
213 186
105 145
437 53
438 47
317 549
175 200
331 57
104 236
378 25
149 283
337 62
173 214
124 261
124 186
121 205
118 239
179 124
114 72
183 204
202 191
219 210
180 559
112 105
147 181
307 29
209 228
234 567
462 44
522 22
78 551
461 42
458 50
276 406
174 551
432 51
389 22
140 72
356 53
423 56
107 104
204 191
195 554
462 34
341 33
346 208
141 132
121 269
134 176
463 356
394 56
228 396
122 178
114 294
474 40
236 394
218 198
116 119
81 573
399 298
434 69
484 34
395 36
455 58
500 58
477 42
73 496
201 570
112 158
134 92
122 236
458 59
449 34
455 370
398 306
219 404
540 355
445 67
137 152
341 219
452 31
113 144
351 543
112 237
123 86
107 50
145 102
125 260
421 26
321 61
147 45
134 177
239 561
349 201
448 21
206 201
109 121
521 69
319 59
381 57
79 522
108 62
112 168
78 553
94 533
405 302
137 293
336 66
203 543
478 12
532 365
441 73
522 19
510 32
139 93
539 345
251 545
82 477
335 16
469 55
91 539
208 186
118 293
251 547
134 196
143 59
141 172
430 16
145 81
116 277
106 199
512 64
482 12
145 70
120 50
104 162
372 9
361 216
206 234
468 360
113 61
331 62
362 42
218 399
526 360
148 209
108 77
113 185
459 55
481 48
124 84
108 250
528 355
354 41
80 500
395 293
408 372
123 64
148 235
107 209
122 171
509 9
64 583
133 135
399 309
297 363
137 229
399 305
475 65
108 117
479 65
391 545
330 49
348 545
136 236
122 233
528 368
539 346
80 535
518 351
291 403
141 301
473 51
360 44
182 209
422 62
113 137
72 533
300 394
104 244
111 300
246 564
208 182
371 38
335 13
71 506
441 51
357 49
496 33
466 63
374 73
415 41
513 45
113 120
65 559
134 205
390 46
113 77
124 114
354 50
458 371
144 191
118 69
380 62
226 564
310 69
146 245
176 121
130 186
140 195
381 307
110 251
249 560
213 202
234 403
120 221
144 159
132 307
469 13
400 39
110 286
134 287
280 360
112 47
148 51
149 121
183 90
139 99
315 45
355 19
515 28
397 289
148 309
423 31
511 62
88 551
119 158
469 34
118 142
455 34
371 25
124 188
354 71
520 30
96 508
112 284
445 31
485 48
245 399
386 31
185 208
111 62
191 549
109 190
389 306
446 47
183 552
206 410
168 563
207 184
149 140
383 58
476 70
303 41
106 226
498 20
67 478
344 55
244 555
105 154
142 231
143 179
79 482
124 60
350 215
119 250
351 24
128 255
306 56
355 549
129 114
136 44
216 401
173 143
324 34
376 548
106 83
504 39
128 79
96 566
448 57
185 106
143 263
138 117
403 36
141 103
463 66
123 235
110 60
145 53
454 72
106 206
213 175
85 585
148 134
521 21
231 398
123 187
306 357
382 283
143 181
521 51
140 109
112 56
128 107
91 489
357 542
212 569
122 167
181 98
216 543
467 37
382 24
143 246
517 27
497 51
109 102
220 553
124 248
357 61
354 21
382 50
353 23
347 23
441 58
489 18
65 587
201 201
455 68
372 66
173 208
334 12
487 37
74 500
187 203
197 552
111 210
105 106
361 317
113 145
242 398
523 14
395 308
248 399
123 192
419 36
113 149
148 254
349 205
132 75
211 218
200 552
380 545
136 143
188 546
245 408
129 101
69 555
382 14
313 22
122 103
212 218
371 73
499 55
349 67
141 253
490 57
431 39
73 560
357 11
125 206
391 310
65 578
387 308
400 34
477 33
92 478
445 19
91 490
67 533
403 545
104 280
141 252
368 547
75 589
133 241
123 99
243 567
358 203
172 149
493 48
391 306
359 32
421 68
127 227
280 409
107 105
407 52
387 30
381 289
366 72
125 95
316 44
452 42
112 295
415 12
201 233
193 558
209 232
89 517
149 144
128 66
111 254
519 12
121 107
115 156
465 371
140 51
326 46
219 191
113 257
113 48
125 304
279 405
399 26
114 111
138 119
129 210
136 79
193 208
458 16
148 227
201 208
466 60
387 296
105 127
384 309
503 30
475 72
219 205
399 30
392 306
247 544
472 359
237 406
348 32
251 560
126 135
114 226
123 199
250 550
369 322
412 375
392 545
266 356
113 252
438 62
130 132
392 272
448 46
217 542
75 506
142 160
519 18
375 43
146 96
208 173
130 97
504 10
144 162
138 212
367 52
404 60
143 221
282 403
514 73
515 32
303 44
199 569
374 32
241 559
137 133
105 301
483 61
512 61
460 304
142 107
138 184
138 286
134 172
174 116
452 55
487 70
394 300
329 32
391 280
120 299
141 236
503 44
356 219
371 64
334 52
219 555
509 69
455 28
340 48
241 570
506 47
527 354
120 52
314 27
340 72
355 17
84 589
144 255
114 249
70 475
405 545
120 175
464 67
461 70
299 398
298 407
134 206
189 200
453 56
465 62
142 155
148 186
481 23
384 301
506 50
305 363
84 537
175 556
105 132
140 175
275 358
177 117
253 565
286 401
133 75
488 13
274 362
142 74
81 571
434 9
499 9
341 69
456 362
309 359
444 52
233 553
321 24
136 164
457 370
323 52
397 302
88 513
115 69
110 155
137 62
521 57
423 20
173 211
117 294
252 555
423 28
528 353
250 543
316 46
452 32
137 157
350 201
82 489
224 406
111 93
473 27
307 64
76 516
393 45
354 216
505 27
325 34
448 41
406 279
123 62
220 549
355 67
121 271
422 22
64 552
66 576
213 569
383 33
236 550
443 36
374 51
181 199
113 279
146 106
353 61
147 140
139 261
391 41
529 359
405 34
384 311
116 268
209 230
319 33
110 106
112 227
132 131
185 115
479 22
326 32
129 238
246 410
145 92
469 56
408 36
117 261
375 548
309 23
86 522
470 48
149 118
440 54
190 115
407 24
456 70
214 228
513 63
342 16
304 393
84 535
209 403
126 119
348 214
147 157
348 68
129 94
502 49
127 251
210 203
287 397
468 20
321 548
344 25
523 58
80 541
413 28
144 85
190 542
213 171
512 18
453 362
131 299
485 33
448 62
177 138
129 63
106 91
300 409
275 398
291 401
478 20
529 351
489 25
368 315
147 69
531 339
480 19
143 311
454 58
140 125
413 26
142 195
114 291
169 101
362 54
361 39
145 176
127 266
522 366
403 546
454 51
473 371
338 51
531 350
378 546
116 284
500 16
92 481
244 552
72 485
393 50
323 40
362 70
76 544
144 187
530 343
74 538
358 68
242 550
393 46
394 301
513 62
450 65
112 178
84 502
109 65
124 196
143 139
475 54
304 402
472 71
135 193
210 563
427 16
119 258
107 201
370 314
126 68
349 49
509 45
81 510
470 46
352 208
65 586
137 44
345 48
123 266
148 286
397 279
118 265
448 16
403 35
64 495
125 268
147 252
367 68
518 43
125 79
332 25
359 64
444 18
130 197
148 50
218 401
119 304
129 82
386 542
118 228
131 163
92 511
106 69
118 215
122 133
477 68
121 228
218 406
146 48
112 196
384 296
241 555
124 143
95 533
391 285
144 272
410 10
253 402
113 113
92 530
131 229
116 297
112 143
253 406
200 547
459 297
117 111
218 234
222 406
137 75
136 133
107 52
107 216
368 36
138 147
140 76
82 546
402 279
473 31
105 259
179 563
333 20
327 548
303 31
123 107
508 64
463 23
443 38
147 80
135 110
391 287
339 73
131 286
423 29
65 582
70 539
113 150
184 140
147 258
296 396
139 142
149 49
145 194
347 29
484 17
143 162
197 560
325 54
108 258
89 543
112 297
536 355
262 408
341 49
68 523
460 63
483 72
524 28
206 552
143 53
118 246
230 566
118 55
423 52
367 35
324 545
148 293
353 39
350 21
187 201
399 32
80 477
428 30
129 50
179 569
493 13
214 409
133 263
361 54
273 398
383 15
174 138
434 55
394 542
110 141
133 140
80 480
267 406
317 31
108 72
118 257
355 213
361 37
328 62
365 313
473 69
524 50
360 70
85 535
64 579
114 78
114 189
437 11
365 50
374 62
394 297
133 57
266 401
142 93
326 33
546 361
421 10
141 49
118 92
143 77
518 19
257 550
260 399
175 553
183 103
480 35
348 39
307 34
507 11
408 38
381 547
107 88
90 533
230 546
85 523
345 13
521 364
506 31
297 393
361 24
71 540
389 17
480 72
127 120
501 64
146 288
146 80
121 217
120 201
484 13
118 173
183 117
500 29
362 36
209 201
408 543
468 36
119 151
145 200
393 9
114 207
105 236
120 130
186 564
390 60
190 544
180 122
453 36
442 23
113 67
66 488
149 81
249 547
175 557
129 140
405 365
189 570
77 508
149 202
491 38
401 55
304 20
209 197
146 238
383 12
506 64
207 194
304 395
474 58
219 561
116 274
73 564
146 237
343 543
146 191
149 282
127 245
438 21
477 30
399 285
181 141
125 164
76 585
353 10
419 375
64 587
205 551
197 567
382 63
521 53
129 256
323 59
444 9
141 140
385 20
406 59
402 61
386 298
199 546
258 407
210 174
357 9
439 20
326 542
519 29
349 54
398 48
149 212
228 549
95 530
400 289
395 67
124 93
237 563
88 479
438 15
406 278
110 98
192 560
95 500
266 397
365 15
110 77
137 161
482 9
303 356
68 490
403 24
414 30
130 274
144 51
217 227
327 66
460 363
504 16
108 115
441 59
123 101
217 401
374 66
416 9
212 398
83 494
418 54
130 72
348 220
542 348
417 32
404 70
107 177
324 23
121 171
106 132
147 254
390 59
117 83
450 53
415 26
206 222
390 65
293 401
332 58
113 232
141 68
120 88
238 407
169 565
104 188
136 100
67 583
447 72
478 58
222 558
320 43
324 549
133 239
140 160
330 51
94 589
381 63
356 200
109 87
69 477
177 205
442 10
423 49
120 79
112 226
135 231
211 399
117 242
213 233
356 549
83 475
499 68
123 261
141 195
378 66
245 551
214 236
106 66
424 10
107 287
131 78
218 187
415 17
357 21
529 348
207 561
212 180
95 486
389 73
181 568
72 559
128 204
64 523
119 303
230 559
354 19
104 287
330 19
125 212
351 206
503 31
114 282
413 47
255 393
138 308
137 145
324 43
83 508
457 43
131 49
422 42
173 95
522 59
393 293
519 62
460 27
87 518
305 37
201 231
514 37
350 31
107 214
233 569
84 498
142 149
250 404
473 48
380 31
476 61
200 550
215 174
471 60
374 61
414 18
140 158
143 175
385 32
476 9
418 66
313 548
385 543
450 35
72 512
356 11
310 10
458 367
94 525
311 359
433 27
508 65
378 542
477 63
146 133
353 66
144 299
454 365
417 369
369 65
353 51
119 58
353 221
92 544
446 62
119 110
187 558
195 542
468 47
139 184
504 72
219 552
330 46
121 102
380 61
145 124
233 565
115 57
512 42
145 252
365 14
242 560
115 281
136 96
131 244
453 23
434 59
404 276
373 41
487 44
121 234
466 27
432 13
346 545
345 41
487 66
118 261
382 22
80 511
341 42
232 407
269 400
190 118
135 65
371 60
216 211
138 182
515 73
90 579
214 186
436 11
187 549
140 198
116 67
335 542
430 62
70 589
173 213
424 53
138 241
485 21
215 553
458 42
345 49
217 225
91 555
466 357
205 210
366 38
236 560
356 16
518 21
438 29
149 102
438 56
395 271
454 61
289 400
143 133
344 54
405 276
70 581
488 63
229 565
510 45
64 535
340 13
433 19
405 369
293 400
312 11
350 205
548 366
323 543
446 49
131 168
145 308
143 215
501 18
181 90
147 301
474 356
106 188
269 405
346 28
138 204
519 65
307 20
64 589
218 208
110 46
408 371
386 30
64 543
446 43
531 352
222 401
142 283
394 23
183 126
193 566
210 546
113 96
128 48
76 484
350 210
500 59
332 39
256 405
375 58
272 405
142 121
120 127
390 64
228 401
119 131
379 27
185 559
441 35
536 339
366 12
405 547
184 564
414 53
121 154
391 66
507 60
132 215
173 103
106 239
210 181
72 477
468 39
146 216
141 306
385 293
73 580
72 555
269 407
180 563
283 394
107 43
191 562
372 43
267 355
200 561
355 55
190 145
302 410
252 566
126 217
368 16
402 281
388 548
114 79
403 69
144 88
104 266
114 208
86 470
389 280
126 272
336 35
402 50
433 36
376 39
245 561
126 55
264 400
319 55
109 64
85 529
303 400
522 57
130 276
76 580
123 161
138 163
95 470
243 558
119 137
252 406
465 15
517 31
468 42
146 293
528 361
119 197
171 135
120 182
476 358
130 117
339 545
72 475
147 235
476 39
113 249
326 57
397 298
404 548
360 64
387 17
301 403
122 230
121 220
80 551
338 60
107 64
341 64
110 221
108 219
104 194
122 157
384 68
434 48
74 512
338 542
352 30
206 567
143 193
308 27
255 407
232 551
143 79
407 364
201 553
490 10
85 504
140 221
484 44
106 228
490 54
146 231
120 304
313 545
388 289
85 475
213 185
507 19
176 122
80 496
403 48
464 363
361 60
472 64
121 100
68 560
79 474
203 556
401 275
356 20
355 24
83 567
215 216
497 68
268 403
480 22
518 353
494 50
106 202
106 221
418 41
491 18
386 60
130 146
370 40
146 124
415 71
129 126
499 20
112 150
139 200
478 9
105 156
105 184
91 481
67 573
411 50
218 194
141 290
124 276
310 54
202 546
458 297
208 217
145 61
67 494
117 139
355 37
413 33
134 190
401 68
391 11
393 25
487 48
210 564
475 358
279 363
460 20
82 580
134 156
354 205
257 554
251 564
403 10
390 305
412 36
192 565
134 241
347 18
478 365
124 79
113 229
114 138
465 10
124 198
141 73
441 12
141 149
433 38
132 209
78 518
186 567
68 563
340 52
534 360
72 517
351 40
210 219
117 281
307 15
119 300
233 567
144 198
353 30
104 100
139 75
90 490
123 50
123 151
426 21
327 546
125 62
335 57
133 103
296 397
119 160
532 367
405 277
260 395
126 229
388 300
122 186
237 542
521 19
76 525
172 563
255 361
320 545
524 73
396 66
141 92
430 46
458 304
128 309
216 553
120 170
86 511
265 355
472 61
135 93
71 547
134 180
234 543
494 13
369 66
145 220
140 134
241 399
343 212
345 215
114 266
94 501
446 52
469 359
105 282
171 96
84 486
144 173
476 55
488 68
108 297
318 37
348 23
68 588
124 220
110 219
81 496
131 235
294 409
116 206
138 294
368 47
129 74
117 68
310 27
291 405
459 23
459 363
72 582
180 145
144 271
188 215
386 309
426 38
107 242
533 364
180 557
110 291
83 517
133 137
393 31
244 395
493 15
480 10
85 587
507 53
491 48
330 61
216 179
138 269
137 308
408 542
463 24
147 194
117 146
397 295
130 271
391 26
141 285
136 294
428 35
320 62
119 296
504 47
122 217
127 166
222 552
105 135
137 159
109 251
312 9
277 405
185 104
114 303
141 288
235 549
145 86
375 52
463 18
85 493
88 545
107 251
91 544
114 286
311 56
422 64
385 41
391 277
486 49
193 147
298 355
393 310
273 408
306 21
354 200
108 182
407 17
440 28
458 356
513 18
79 536
514 11
89 539
125 48
345 69
113 214
537 340
120 268
206 193
514 61
346 26
288 393
468 25
239 401
284 363
392 297
108 299
535 365
115 95
79 587
114 163
443 58
131 203
112 296
338 66
80 568
136 139
79 537
71 573
132 291
454 304
372 549
358 56
307 356
397 549
461 302
178 543
142 229
141 61
124 118
109 95
76 507
505 41
520 66
280 397
148 180
114 142
444 34
333 60
466 53
115 218
446 63
490 40
228 400
67 526
106 43
514 10
74 492
173 199
127 203
132 271
182 103
232 400
363 30
79 475
304 69
360 65
121 133
236 410
384 302
352 53
471 38
473 28
368 50
133 299
401 52
417 68
293 355
145 253
68 540
391 31
106 210
127 217
110 243
225 396
324 58
118 200
412 21
131 50
457 360
105 209
323 62
114 46
118 100
212 399
120 253
179 103
361 9
137 110
335 52
209 191
432 54
260 362
131 307
110 283
71 484
135 60
361 34
400 37
545 350
117 246
387 274
427 44
428 64
131 288
113 310
104 268
332 68
187 143
305 42
119 86
76 534
301 405
202 205
96 547
106 49
296 398
308 69
89 487
111 200
332 37
505 58
225 562
133 297
147 247
296 393
189 146
484 51
517 36
70 588
112 179
416 23
143 206
128 180
423 47
313 50
366 60
125 70
239 394
208 199
410 376
149 285
126 171
143 275
517 367
365 548
284 398
87 476
547 339
306 58
257 565
521 48
111 91
353 19
190 570
91 526
122 163
404 69
110 269
487 14
303 405
279 357
212 190
339 30
134 138
131 263
133 245
355 202
133 42
332 10
115 225
358 16
205 217
146 51
129 151
75 500
342 22
481 9
136 42
136 266
105 215
295 363
139 115
319 549
387 293
375 28
71 493
429 16
80 504
217 552
473 60
383 300
533 340
385 311
116 279
462 60
115 286
118 245
167 92
172 554
519 39
81 494
107 133
127 254
372 67
91 572
175 145
110 235
305 40
149 173
308 60
396 29
149 303
406 282
388 57
455 46
148 225
105 279
299 360
325 16
366 68
476 44
93 484
144 66
117 293
138 60
544 346
519 354
72 476
115 199
410 547
110 288
344 543
310 65
386 283
349 61
385 53
104 276
264 357
371 12
114 48
140 200
392 307
107 308
318 12
66 535
339 212
70 552
142 147
131 111
269 406
453 32
106 214
104 255
178 568
457 13
124 194
117 312
120 51
516 11
373 543
396 311
386 306
501 51
452 368
497 63
239 550
229 396
344 34
366 27
104 247
118 229
252 551
400 60
206 393
331 56
76 538
105 212
186 140
117 199
307 38
352 9
368 49
214 178
143 117
496 52
279 360
109 128
185 211
148 113
65 516
209 563
111 152
187 198
139 48
340 22
125 90
449 17
142 157
76 511
368 68
132 78
394 283
319 64
310 60
298 402
334 46
149 155
454 31
218 408
329 73
529 350
89 573
77 567
419 25
429 49
141 215
357 35
426 58
128 287
138 83
112 263
143 68
445 17
351 200
426 24
368 30
110 279
545 362
389 60
435 62
208 236
125 307
123 224
126 118
140 92
475 21
510 42
139 92
233 548
118 89
176 141
171 552
93 529
123 249
132 175
396 33
253 394
456 22
493 25
130 279
440 62
365 544
388 304
104 294
125 161
505 42
319 25
215 200
404 44
119 136
147 232
242 542
85 567
86 519
232 549
368 53
193 207
70 571
469 365
105 150
91 476
140 188
127 86
408 548
460 30
523 66
391 22
462 362
218 213
126 74
369 31
308 362
171 141
146 258
424 65
214 213
146 85
133 213
260 410
483 23
144 309
224 543
364 25
323 64
205 172
323 50
394 548
136 115
366 39
67 525
476 52
149 58
510 41
446 57
217 209
149 139
326 51
482 32
104 230
429 72
149 53
329 65
314 58
522 40
127 191
390 18
256 398
149 309
254 409
546 356
64 480
177 565
438 51
122 97
129 53
456 366
436 41
460 10
417 25
67 539
108 142
513 17
213 190
404 545
130 113
354 217
364 544
469 11
126 279
322 547
387 542
326 43
297 403
489 70
177 103
120 145
506 44
134 47
226 396
127 213
536 358
303 39
129 267
149 64
87 473
107 168
342 216
403 283
117 123
106 108
411 43
78 499
377 63
111 100
469 70
267 393
455 38
116 271
105 56
525 365
108 220
95 552
330 58
65 565
331 66
148 132
212 174
138 53
119 224
457 64
390 295
104 292
213 401
251 544
121 296
395 280
488 12
146 140
339 28
338 62
190 212
84 561
477 59
146 88
431 34
508 24
377 32
397 72
342 34
73 533
221 556
146 278
431 33
116 198
105 92
520 27
452 20
217 565
390 294
451 23
129 49
514 52
300 360
94 499
288 408
132 206
104 199
68 485
444 72
324 57
87 580
184 203
373 16
396 309
293 399
382 59
178 206
371 39
173 105
202 562
308 42
133 280
223 394
301 355
74 486
217 548
82 535
148 230
113 309
383 11
136 179
175 215
106 182
176 104
107 70
457 48
456 17
410 49
392 16
132 113
297 401
356 67
461 27
420 55
149 48
434 16
391 15
236 400
455 56
179 143
254 548
436 15
515 52
77 481
242 549
385 272
110 115
321 20
83 566
420 57
131 84
189 549
203 212
537 345
76 529
173 146
412 68
451 50
356 18
148 144
281 361
242 397
118 97
137 70
356 215
135 119
484 11
410 54
440 55
238 401
128 104
126 73
237 565
384 44
465 72
389 20
115 242
136 174
183 558
487 32
126 297
293 394
74 485
180 123
476 69
460 65
400 299
104 149
383 39
322 21
135 150
182 118
113 281
516 43
344 548
426 12
139 297
497 59
70 487
350 63
91 514
144 172
140 218
135 261
104 56
91 499
351 58
401 65
281 358
139 102
385 275
126 301
89 563
204 187
146 209
375 15
127 258
512 72
328 17
208 187
133 66
361 62
95 505
522 363
245 407
122 232
311 44
394 73
123 76
413 45
267 358
191 545
127 220
322 56
133 189
449 9
119 61
207 542
453 14
427 21
126 51
482 10
225 561
356 52
339 53
85 549
107 107
173 556
137 65
277 396
114 228
125 261
229 408
130 126
131 290
84 507
511 45
144 292
417 375
139 164
94 518
246 558
96 550
265 396
95 477
489 39
416 15
119 182
404 27
520 11
231 553
253 550
138 177
182 215
407 370
115 67
449 20
333 39
141 138
311 11
422 11
484 68
249 550
402 544
130 237
105 64
412 9
139 310
417 69
139 283
519 53
251 404
142 215
115 216
475 55
507 69
496 57
373 323
236 393
379 24
509 46
316 20
292 395
394 30
173 565
72 547
94 584
85 584
128 54
476 22
548 362
117 120
333 70
123 275
334 11
306 35
320 549
446 70
133 99
124 97
346 66
146 298
520 65
77 485
211 226
147 53
126 92
87 474
486 43
136 45
312 17
112 141
397 44
275 359
175 106
296 404
359 54
371 329
109 274
182 201
324 59
409 28
505 49
347 208
424 27
354 36
143 185
478 22
379 55
517 33
208 407
420 70
489 38
362 545
109 204
139 285
506 9
313 64
360 218
